0.0
0.0
0.333333333333
0.0
0.185714285714
0.4
0.0
0.0
0.377777777778
0.0
0.0
0.0
0.0
0.0
0.185054773083
0.0
0.0
0.0
0.362637362637
0.10247600349
0.374269005848
0.115763546798
0.128571428571
0.0
0.0
0.0
0.437943262411
0.466666666667
0.833333333333
0.333333333333
0.0
0.0
0.0883608844544
0.185154295246
0.0
0.0
0.0745857657629
0.191889509257
0.0
0.154124748491
0.147537063606
0.268571428571
0.2
0.0
0.0512820512821
0.108695652174
0.107142857143
0.0
0.120892018779
0.156862745098
0.1
0.0461538461538
0.12678469446
1.0
0.0
0.0
0.0
0.0
0.0
0.0
0.0
0.0
0.0
0.0888888888889
0.0
0.208791208791
0.0
0.5
1.0
0.388888888889
0.0
0.281720430108
0.316666666667
0.0
0.183823529412
0.0
0.100985221675
0.0
0.163440860215
0.043956043956
0.169274537696
0.178571428571
0.361904761905
0.0
0.0
0.0
0.0
0.0
0.0
0.0
0.0
0.0
0.166666666667
0.666666666667
0.0
0.201426024955
0.0
0.423076923077
0.0
0.0
1.0
0.0
0.0
0.0
0.219190404798
1.0
0.0
0.24952661477
0.0
0.0
0.0
0.105101771081
0.0
0.0
0.154280747501
0.0
0.333333333333
0.20641025641
0.0
0.0952380952381
0.360317460317
0.0
0.5
0.117647058824
0.166666666667
0.0
0.210144927536
0.0708478513357
0.25730994152
0.0666666666667
0.285714285714
0.333333333333
0.0
0.10989010989
0.0825396825397
0.0
0.0
0.209523809524
0.0
0.0
0.0
0.166666666667
0.0
0.235720375107
0.0
0.0
0.0
0.174117647059
0.211622807018
1.0
0.0
0.166666666667
0.0
0.25641025641
0.0
0.177777777778
0.257575757576
0.285714285714
0.0
1.0
0.0
0.228571428571
0.5
0.0
0.0
0.132352941176
0.103289473684
0.0526315789474
0.161943319838
0.168421052632
0.0
0.0699501897107
0.152339064374
0.166742944317
0.0
0.0
0.0
0.0
0.0
0.257239057239
0.333333333333
0.0
0.0838709677419
0.2
0.0
0.0
0.0
0.333333333333
0.0
0.210472067615
0.0
0.0
0.0
0.0
0.133333333333
0.0
0.0
0.0
0.47619047619
0.392857142857
0.833333333333
0.0
0.0
0.206861239119
0.333333333333
0.0
0.225806451613
0.431034482759
0.168753726893
0.0804810360777
0.0
0.0
0.0
0.128205128205
0.118341924399
0.0
0.0
0.0
0.257692307692
0.333333333333
0.240310077519
0.0784716732543
0.123798294939
0.2
0.106040851804
0.145454545455
0.285714285714
0.102564102564
0.0804703214717
0.161771561772
0.0
1.0
0.0
0.180952380952
0.285714285714
0.188888888889
0.0
0.120879120879
0.2
0.227941176471
0.0
0.333333333333
0.140387096774
0.666666666667
0.0
0.180952380952
0.152582159624
0.0
0.153267088226
0.0
0.308823529412
0.111492063492
0.214285714286
0.25320056899
0.0
0.34632034632
0.357142857143
0.133333333333
0.217741935484
0.0533333333333
0.182038834951
1.0
0.166666666667
0.0666666666667
0.129369369369
0.265969802555
0.190906353508
0.0
0.333333333333
1.0
0.0
0.333333333333
0.0
0.0
0.0
0.139167862267
0.147742818057
0.238335046249
0.179594689029
0.0
0.0
0.0
0.333333333333
0.5
0.234848484848
0.0769230769231
0.143026770294
0.133333333333
0.0
0.177822177822
0.0
0.236363636364
0.142857142857
0.0
0.132730015083
0.174165457184
0.0
0.0
0.132051282051
0.129374641423
0.165165165165
0.0761699128844
0.178571428571
0.212121212121
0.0
0.163306451613
0.0994152046784
0.5
0.0
0.262470862471
0.264455782313
0.301470588235
0.174413305992
0.0
0.0
0.284899034241
0.333333333333
0.0
0.177225340818
0.0
1.0
0.0
0.0
0.0915032679739
0.0
1.0
0.0
0.0
0.0
0.0
0.285714285714
0.151629072682
0.268115942029
0.0
0.0837438423645
0.193103448276
0.0
0.0
0.0639344262295
0.177777777778
0.333333333333
0.0
0.0
1.0
0.0
0.0
0.137244275843
0.0
0.0
0.166666666667
0.0
0.0
0.0
0.142857142857
0.107388467642
0.115384615385
0.245614035088
0.156037991859
0.138271604938
0.184912280702
0.165961945032
0.0
0.0
0.285714285714
1.0
1.0
0.0
0.0
0.0
0.0
0.0
0.0
0.0
0.0
0.333333333333
0.0
0.0
0.0
0.219832189169
0.0
0.156108597285
0.0
0.0
0.261904761905
0.176666666667
0.0
0.333333333333
0.241106719368
0.220238095238
0.125396825397
0.0
0.0
0.169122807018
0.5
0.159801980198
1.0
0.0
0.159863945578
0.257142857143
1.0
0.1
0.122082880748
0.107142857143
0.0
0.0
0.0
0.0
0.0
0.0
0.174603174603
0.0
0.333333333333
0.116279069767
0.0
0.0
0.076354679803
0.157847127996
0.149926506614
0.116282867875
0.0
0.0
0.166273275636
0.23669261519
0.192668371697
0.188596491228
0.0
0.0666666666667
0.0
0.214285714286
0.0
0.138720538721
1.0
1.0
0.226335272343
0.117585784314
0.15264516129
0.170324659533
0.333333333333
0.22816091954
0.0
0.0
0.2
0.25347985348
0.0
0.151260504202
0.0952380952381
0.0
0.0
0.047619047619
1.0
0.107563968878
1.0
0.142770719903
0.333333333333
0.0
0.0714285714286
0.0
0.0
0.0
0.142857142857
0.0
0.209859791949
0.0
0.327272727273
0.0
0.0
0.0
0.0
0.117647058824
0.0
0.0
0.133333333333
0.16
0.0
0.0
0.0
0.0
0.0
0.0643274853801
0.333333333333
0.0
0.0
0.0
1.0
0.245117845118
0.0560975609756
0.155612244898
0.115102040816
0.172304439746
0.0
0.0
0.0
0.0
0.0
0.0
0.0
0.109033733562
0.0
0.102643543532
0.142230026339
0.172932330827
0.0
0.0
0.0
0.2
0.144444444444
0.209150326797
0.203703703704
1.0
0.257246376812
0.154944884335
0.282608695652
0.192307692308
0.318181818182
0.0
0.166666666667
0.222222222222
0.174174174174
0.0
0.0
0.216666666667
0.333333333333
0.0769230769231
0.2
0.161421695668
0.239957716702
0.0444444444444
0.0
0.116862745098
0.0
0.0
0.0
0.171980676329
0.191375968992
0.166666666667
0.0666666666667
0.0
0.333333333333
0.0
0.070351758794
0.0682957393484
0.149732620321
0.0
0.12644295302
0.129672006102
0.333333333333
0.0
1.0
0.142857142857
0.246993524514
0.0
0.121212121212
0.0
0.5
0.250241545894
0.0
0.214285714286
0.110526315789
0.0
0.138763197587
0.2
0.0
0.0
0.0
0.0
0.0
0.0
0.0978835978836
0.166666666667
0.0
0.0
0.0
0.0
0.0
0.0
0.272727272727
0.124137931034
0.327272727273
0.273563218391
0.0
0.0
0.150197628458
0.0
0.0932579928523
1.0
0.0
0.160173160173
0.0
0.4
0.0
0.047619047619
0.0
0.0
0.333333333333
0.270588235294
0.252747252747
0.0
0.293103448276
0.2
1.0
0.0887351660803
0.208791208791
0.124635438367
0.234102026555
0.158229942101
0.108333333333
0.190570175439
0.0
0.333333333333
0.166666666667
0.0
0.190476190476
1.0
0.409523809524
0.0
0.0
0.151515151515
0.301538461538
0.0
0.114594594595
0.140430944187
0.248366013072
0.145550527903
0.184969853575
0.0
0.114556962025
0.0
0.159781985083
0.0
0.0
0.127272727273
0.21568627451
0.333333333333
0.0
0.0
0.0
0.0
0.0
0.14465408805
0.0
0.133633633634
0.0
0.0
0.0
0.333333333333
0.136363636364
0.254432624113
0.176470588235
0.171428571429
0.0
0.136435748281
0.488888888889
0.106852497096
0.146167557932
0.0
1.0
0.0
0.171077252072
0.216384180791
0.0
0.0
0.0
0.164835164835
0.155160628845
0.32967032967
0.0
1.0
0.166666666667
0.0
0.0
0.333333333333
0.219923585873
1.0
0.246360582307
0.230107526882
0.571428571429
0.179982440737
0.0
0.135680109364
0.0
0.227878787879
0.0
0.0
0.0
0.141025641026
0.0
0.384615384615
0.204070201643
0.238095238095
0.0
0.337931034483
0.0
0.175884154832
0.4
0.666666666667
0.0888888888889
0.0
0.0
0.0
0.0658209229638
0.0
0.0
0.1875
0.180596142607
0.166666666667
0.189411582052
0.165124028138
0.0
0.0
0.0
0.0
0.0
0.0
0.218181818182
0.0672268907563
0.0
0.0578947368421
0.0
0.0
0.0
0.103386809269
0.221674876847
0.210220673635
0.307692307692
0.283068783069
0.305555555556
0.191604197901
0.241854636591
0.166666666667
0.0
0.0
0.0
1.0
0.0
0.222309299896
0.123106060606
0.0
0.163636363636
1.0
0.214285714286
0.0
0.0631198686371
0.0941414141414
0.0
0.0
0.0
0.0
0.0
0.18954248366
0.0
0.0
0.104575163399
0.138888888889
0.111111111111
0.333333333333
0.0
0.166666666667
0.307692307692
0.254394079556
0.215578284815
0.199642058166
0.0799957147886
0.13158365376
0.0
0.232506479082
0.0
0.208333333333
0.030303030303
0.0
0.0772385509228
0.0
0.170430593195
0.333333333333
0.333333333333
0.165898617512
0.285714285714
0.131868131868
0.2
0.333333333333
0.0
0.0
0.0
0.25243902439
0.4
0.213235294118
0.0
0.0
0.227586206897
0.0714285714286
0.0
0.19358974359
0.238095238095
0.238095238095
0.0
0.333333333333
0.188034188034
1.0
0.1875
0.0555555555556
0.0
0.187953555878
0.333333333333
0.0
0.0
0.3
0.0
0.0
0.166666666667
0.0
0.0277777777778
0.0
0.0
0.0
0.194805194805
0.0
0.0
0.0
0.0
0.0
0.123089983022
0.0
0.0
0.261538461538
0.251764705882
0.172810675563
0.0
0.0
0.0
0.0
0.233333333333
0.20941300899
0.0
0.0
0.0
0.263644773358
0.243951612903
0.0
0.0
0.171664167916
0.146953405018
0.4
0.0
0.0
0.4
0.1
0.0
0.0
0.0
0.10989010989
0.317948717949
0.0
0.0473684210526
0.0
0.193675889328
0.0
0.256684491979
0.4
0.0
0.235226620769
0.264516129032
0.155844155844
0.215789473684
0.0454545454545
0.165096341567
0.225258799172
0.28500761035
0.203500522466
0.179933358016
0.0514705882353
0.0
0.0
0.0
0.254545454545
0.0
0.0897435897436
0.0
0.147619047619
0.169435215947
0.0
0.256876456876
0.213114754098
0.333333333333
0.0
0.263606071825
0.0
0.0
0.189277389277
0.100408163265
0.129691876751
0.0
0.048433048433
0.11724137931
0.114285714286
0.0
0.333333333333
0.0
0.0222222222222
0.0454545454545
0.109090909091
0.203305785124
0.0
0.280405405405
0.0
0.0277777777778
0.0
0.0
0.6
0.0
0.0680272108844
0.0
0.219373219373
0.108563012834
0.120398638453
0.0771814530851
0.199712052653
0.224737631184
0.162581555281
0.127649311959
0.229280096794
0.063958812397
0.0
0.0
0.150075414781
0.0
0.0
0.0
0.217345872518
0.0
0.0
0.0
0.225319396051
1.0
0.5
0.0
0.214285714286
0.0
0.0937331856306
0.0947368421053
0.194065757819
0.0
1.0
0.0
0.0
0.0
0.0
1.0
0.208791208791
0.333333333333
0.266666666667
1.0
0.0
0.0
0.0
0.153846153846
0.0
0.136363636364
0.1
0.0
0.0
0.0
0.247863247863
0.333333333333
0.0
0.179487179487
0.0
0.150943396226
1.0
0.0
0.0
1.0
1.0
0.333333333333
0.0
0.182503770739
0.0
0.0
0.1
0.238095238095
0.0
0.0
0.333333333333
0.0
0.177608915907
0.220987654321
0.234610917538
0.0
0.0
0.0952380952381
0.215384615385
0.0
0.170012985716
0.0885214007782
0.105720122574
0.288888888889
0.149337841646
0.178613053613
0.285714285714
0.251412429379
0.0
0.254545454545
0.194736842105
0.210628019324
0.333333333333
0.128205128205
0.294938440492
0.209423449612
0.0
0.222222222222
0.166666666667
0.0
0.163799395266
0.181818181818
0.188194038574
0.116460796484
0.0
0.0
0.238095238095
0.0
1.0
0.187179487179
0.220588235294
0.0646153846154
0.0
0.362637362637
0.0
0.653846153846
0.0
0.0
0.0
0.166666666667
0.263318112633
0.0
0.0
0.0
0.5
0.0
0.175609756098
1.0
0.133747412008
0.0
0.333333333333
0.133333333333
0.18115942029
0.126269956459
0.0
0.333333333333
0.105072463768
0.0
0.230440967283
0.227030812325
0.0
0.24126984127
0.184153461218
0.0727272727273
0.17316017316
0.154692013792
0.353658536585
0.0
0.0
0.314285714286
0.361522198732
0.355555555556
0.209523809524
0.333333333333
0.0
0.157923497268
0.0
0.236933797909
0.125358851675
0.0
0.149897854954
0.0
0.0
0.0
0.222222222222
0.208333333333
0.0
0.352941176471
0.196553330228
0.0
0.0
0.141129032258
0.190476190476
0.182503770739
0.276923076923
0.127118644068
0.127272727273
0.173913043478
0.0
0.0
0.123076923077
0.100177304965
0.0
0.0
0.0
0.321428571429
0.208194905869
0.219754529515
0.0
0.352941176471
0.0911680911681
0.2
0.172413793103
0.0
0.0
0.192105263158
0.0
0.0
0.0821783063579
0.333333333333
0.213909860444
0.0911465439944
0.106140571333
0.0893565878473
0.165008737734
0.0
0.109364319891
0.208791208791
0.193984389872
0.0
0.0
0.354978354978
0.333333333333
0.259903381643
0.0
1.0
0.170963364993
0.140070921986
1.0
0.0
0.0
0.18379373849
0.174957896101
0.0
0.0
0.206722689076
0.0
0.147826086957
0.139903846154
0.5
0.280701754386
0.216287678477
0.0
0.170289855072
0.0
0.0
0.0
0.114285714286
0.333333333333
0.0
0.189211431992
0.047619047619
0.0
0.164115646259
0.333333333333
0.0
0.0
0.0
0.0
0.151182230714
0.0
0.186929392447
0.263865546218
0.202818046335
0.0
0.0
0.0
0.2
0.0
0.282146160962
0.0
0.195835910122
0.0
0.0978835978836
0.0
0.0
0.0
0.0782726045884
0.24658838464
0.0
0.0
0.0
0.119919517103
0.0
0.5
0.0
0.0
0.134057971014
0.0955882352941
0.114285714286
0.184554455446
0.219047619048
0.0
0.153722334004
0.0769230769231
0.0
0.333333333333
0.0666666666667
0.0
0.230769230769
0.142857142857
0.0
0.0
0.333333333333
0.181818181818
0.177777777778
0.0
1.0
0.4
0.0
0.177396825397
0.0
0.153846153846
1.0
0.0797886108714
0.392857142857
0.167797376753
0.247229326513
0.145454545455
0.0666666666667
0.169230769231
0.272727272727
0.0
0.0
0.0
0.0
0.0
0.137254901961
0.0
0.0
0.0
0.0
0.166666666667
0.296618357488
0.251612903226
0.114124293785
0.165965404395
0.0
0.0
0.357142857143
0.0
0.0
0.0
0.0
0.0666666666667
0.174747474747
0.0
0.4
0.0
0.0
0.0
0.0666666666667
0.0
0.175266175266
0.0
0.0
0.0
0.183064997018
0.0
0.0
0.295238095238
0.166666666667
0.242165242165
0.0
0.5
0.0
0.0
0.14643078833
0.212121212121
0.0
0.116923076923
0.0
0.0
0.258064516129
0.142372881356
0.0
0.0
0.166007905138
0.2
0.0
0.242424242424
0.0
0.154600301659
0.166666666667
0.223876698015
0.0
0.0
1.0
0.450980392157
0.0
0.128446115288
0.0
0.0833333333333
0.0
0.0
0.166666666667
0.138528138528
0.0
0.0
0.0
0.215720022949
0.257839721254
0.0
0.111111111111
0.143333333333
0.0534759358289
0.333333333333
0.200892857143
0.172727272727
0.233400402414
0.155063291139
0.0
0.0
0.0
0.0
0.161904761905
0.0
0.109090909091
0.666666666667
0.0
0.0
0.0
0.0
0.378461538462
0.260312944523
0.238095238095
0.0
0.0
0.17316017316
0.0
0.107744107744
0.0
0.0
0.1
0.0
0.186234817814
0.144709696434
0.0
0.0
0.265856950067
0.0
0.219373219373
0.0
0.0
1.0
0.0
0.0
0.0
0.205686630369
0.0
0.285714285714
0.0
0.0
0.24358974359
0.154471544715
0.0
0.348484848485
0.16057585825
0.666666666667
0.0
0.0
0.0
0.125843073185
0.0
0.0
0.0277777777778
0.32380952381
0.0
0.0
0.0
0.151138716356
0.139037433155
0.0
0.0
0.190338164251
1.0
0.0
0.0
1.0
0.638888888889
0.0
0.142857142857
0.159279279279
0.0
0.333333333333
0.0
0.102745098039
0.159102930287
0.12987012987
0.0
0.217638691323
0.0
0.0
0.0
0.0
0.232051282051
0.214285714286
0.0
0.0
0.0
0.0
0.0
0.166666666667
0.0
0.186159346272
0.21237458194
0.273442226255
0.0
0.109404586577
0.191666666667
0.0444444444444
0.152792792793
0.0
0.333333333333
0.333333333333
0.0
1.0
0.167003367003
0.0
1.0
0.0
0.0
0.1
0.0
0.166666666667
0.666666666667
0.191176470588
0.0
0.0
0.0
0.208920681675
0.0
0.219047619048
0.0
0.142857142857
0.0
0.0
0.0
0.0
1.0
0.0
0.176065162907
0.0
0.0
0.333333333333
0.105413105413
0.0
0.666666666667
0.166666666667
0.0
0.0
0.0
0.0
0.166666666667
0.0
0.333333333333
0.333333333333
0.0
0.0496998646962
0.0
0.0
0.0
0.0
0.0
0.216748768473
0.0
0.0
0.0
0.3
0.0
0.0
0.0
1.0
1.0
0.0
0.0
0.238095238095
0.111111111111
0.166666666667
0.261904761905
0.0
0.0
1.0
0.228571428571
0.111111111111
0.195573440644
0.245714285714
0.0666666666667
0.32967032967
0.103118779031
0.0
0.0
0.257246376812
0.0
0.0
0.0
0.0
0.393939393939
0.0
0.161706349206
0.25311942959
0.0
0.0
0.272727272727
0.0
0.0
0.0
0.0
0.0
0.0166666666667
0.215384615385
0.0
0.0
0.0
0.0
0.0
0.0
0.166666666667
0.0
0.0
0.0815602836879
0.181818181818
0.227586206897
0.316722037652
0.333333333333
1.0
0.192307692308
0.333333333333
0.1
0.0444444444444
0.0
0.0
0.11914893617
0.199180747568
0.0
0.11524822695
0.116959064327
0.171244886032
0.336585365854
0.0
0.0
0.340579710145
0.125051759834
0.216806722689
0.0
0.0
0.4
0.0
0.5
0.0
0.0
0.338235294118
0.1
0.0
0.179245283019
0.138888888889
0.0
0.0901960784314
0.3
0.25
0.181818181818
0.144781144781
0.156939742722
0.180952380952
0.0
0.0
0.173453996983
1.0
0.0
0.666666666667
0.13024548402
0.0
0.195855115758
0.0
1.0
0.0
0.0
0.0
0.0948616600791
0.4
0.0
0.186568986569
0.9
0.0
0.205098988748
0.0
0.0
0.141511266511
0.0
0.0
0.142857142857
0.2
0.0975845410628
0.214285714286
0.150246305419
0.0
0.245305164319
0.190476190476
0.0
0.166666666667
1.0
0.333333333333
0.0
0.138095238095
0.171077252072
0.0
0.0
0.0
0.0
0.256756756757
0.179751850693
0.111111111111
0.0
0.258328462887
0.120689655172
0.0
0.0
0.0
0.133333333333
0.0
0.333333333333
0.0
0.5
0.0
0.285714285714
0.181818181818
1.0
0.333333333333
0.145454545455
0.0
0.0
0.201501251043
0.0
0.0
0.0
0.0
0.230769230769
0.174129353234
0.0
0.148681055156
0.219759524844
0.0910166345139
0.148387096774
0.266666666667
0.294372294372
0.221206929374
0.209650016989
0.189473684211
0.0
0.0
0.0
0.164362519201
0.0
0.147186147186
0.333333333333
0.0
0.0
0.117907801418
0.2
0.0
0.0
0.358620689655
0.247448979592
0.148841637575
0.27972027972
0.0
0.0
0.23908045977
0.12049689441
0.0
0.0
0.0
0.0
0.0934292949487
1.0
0.204991087344
0.0
0.666666666667
0.0
0.428571428571
0.0803797468354
0.0
0.0
0.0
0.0600978336827
0.0
0.119155354449
0.1
0.310541310541
0.0
0.422222222222
0.177944862155
0.0
0.0
0.110747303544
0.285365853659
0.166666666667
0.0
0.0
0.0
0.0
0.0
0.0
0.0
0.277056277056
0.0
0.142857142857
0.0
0.00395256916996
0.195585996956
0.0
0.321428571429
0.104166666667
0.0
0.0
0.0666666666667
0.257692307692
0.0
0.0
0.4
0.218781218781
0.0
0.0
0.428571428571
0.0
0.0
0.25
1.0
0.190476190476
0.0
0.248226950355
0.102636458921
0.111111111111
0.0
0.0
0.1
0.0666666666667
0.0
0.140110036857
0.195195195195
0.1618287373
0.0
0.0
0.193191865606
0.0
0.0
0.0
0.4
0.0
0.0
0.0
0.0
0.0
0.177536231884
1.0
0.0
0.164992067689
0.0
0.198717948718
0.0
0.0
0.0
0.0
0.0
0.0
0.0
0.166666666667
0.0955882352941
0.0
0.0
0.0
0.483516483516
0.0
0.151097943534
0.142857142857
0.183615436696
0.208631256384
0.199401794616
0.205206349206
0.221832632071
0.0
0.0
0.19094488189
0.271951219512
0.411764705882
0.241417497231
0.1
0.866666666667
0.0
0.1
0.6
0.0
0.0
0.0
0.170731707317
0.0
0.2
0.333333333333
0.0
0.111111111111
0.0
0.0938016528926
0.0
0.0
0.186147186147
0.0
0.0
0.296442687747
0.188428059396
0.137339901478
0.106516290727
0.0833333333333
0.162601626016
0.185830429733
0.137944822071
0.169590643275
0.205679862306
0.0
0.666666666667
0.124338624339
0.0
0.0
0.0
0.1
0.111111111111
0.288888888889
0.0
0.251515151515
0.0
0.196923076923
0.107335986124
0.0
0.0
0.333333333333
0.0
0.131868131868
0.17825311943
0.21958041958
0.0
0.0
0.266666666667
0.147058823529
0.285846438483
0.244444444444
0.0
0.0
0.0
0.0
0.248313090418
0.180487804878
0.0
0.0409356725146
0.0
0.113846153846
1.0
0.0
0.164556962025
0.0
0.158095797825
0.0
0.0
0.227368421053
0.0
0.0
1.0
0.5
0.0
0.0
0.0
0.0
0.155555555556
0.0
0.0
0.0
0.101026129271
0.156565656566
0.221052631579
0.228803716609
0.0
0.0
0.10582010582
0.165165165165
0.0
0.0
0.0
0.0
0.166666666667
0.0
0.0
0.0
0.0920903954802
0.0
0.0
0.0
0.309090909091
0.0
0.0
0.0984042553191
0.190769230769
0.172624982196
0.0
0.191489361702
0.266666666667
0.166666666667
0.0
0.0
0.170512820513
0.175824175824
0.120879120879
0.0
0.105665152645
0.103896103896
0.253623188406
0.248097412481
0.123051187688
0.0
0.226966292135
0.234664070107
0.180519480519
0.0
0.12380952381
0.0
0.0
0.0
0.0
0.0
0.333333333333
0.0
0.333333333333
0.2
0.0
0.0
0.666666666667
0.262128325509
0.285714285714
1.0
0.238095238095
0.103277674706
0.0
0.0
0.0
0.0
0.0
0.571428571429
0.0
0.0
0.0
0.0
0.111111111111
0.0
0.0
0.117305458769
0.333333333333
0.184995737425
0.0
0.174304677623
0.266666666667
0.132275132275
0.119047619048
0.0
0.165196471532
0.0964396537645
0.13606557377
0.0
0.0
0.0
0.161683277962
0.333333333333
0.0897435897436
0.0
0.0
0.253478523896
0.121212121212
0.0
0.312075983718
0.247435897436
0.0
0.0
0.0
0.0
0.0666666666667
0.0
0.0
0.0666666666667
0.163636363636
0.0
0.0
0.0
0.0
0.0
0.0
0.0
0.138888888889
0.181818181818
0.127272727273
0.0
0.0
0.0
0.0
0.0
0.0
1.0
1.0
0.0
0.0
0.0
0.0
0.199382716049
0.139191919192
0.181176168464
0.263392857143
0.0
0.11387329591
0.0
0.251219512195
0.25
0.333333333333
0.0
0.0
0.0
0.0
0.0908836586998
0.0
0.0
0.364919354839
0.0
0.230769230769
0.266666666667
0.166440524649
0.0
0.0
0.0
0.0
0.0
0.181818181818
0.0
0.0
0.0
0.0
0.290909090909
0.0
0.204825596643
0.145454545455
0.274725274725
0.0
0.178861788618
0.183071248301
0.0
0.0
0.291005291005
0.2
0.235294117647
1.0
0.166666666667
0.175983436853
0.0
0.0
0.10407239819
0.0
0.375
0.0
0.190476190476
0.181818181818
0.0
0.582417582418
0.231354642314
0.1
0.0
0.0
0.0
0.333333333333
0.0
0.444444444444
0.0909090909091
0.0
0.0
0.0
0.0
0.0
0.25
0.0
0.0
0.130677847659
0.25641025641
0.0
0.0
0.0
0.0
0.142167974426
0.142857142857
0.153246753247
0.175019425019
0.184898520812
0.0
0.30303030303
0.307189542484
0.0
0.119333950046
0.0789473684211
0.2
0.307823129252
0.0
0.0
0.252597402597
0.0
0.0
0.0
0.0
0.138528138528
0.333333333333
0.4
0.0
0.181818181818
0.199643493761
0.0
0.0
0.30303030303
0.144260746339
0.236363636364
0.0
0.047619047619
0.666666666667
0.0
0.0
0.218947368421
0.257142857143
0.0
0.206636500754
0.131301587302
0.0
0.0
0.0
0.0
0.245283018868
0.0
0.0
0.0888888888889
1.0
0.0
0.128330995792
0.078431372549
0.272727272727
0.0
0.0
0.179365079365
0.0
0.118386876282
0.185714285714
0.0
0.137931034483
0.021978021978
0.0
0.0883190883191
0.0
0.0
0.0
0.0
0.285714285714
0.0
0.300653594771
0.0
0.154037267081
0.688888888889
0.175084175084
0.0873015873016
0.0
0.197802197802
0.0
0.305555555556
0.666666666667
0.333333333333
0.156862745098
0.0
0.174576271186
0.0
0.0
0.133333333333
0.133333333333
0.125641025641
0.098814229249
0.0
0.285714285714
0.0666666666667
0.286885245902
0.249350649351
0.0
0.221052631579
0.0
0.14335443038
0.0
0.206486486486
0.0
0.0
0.133333333333
0.21568627451
0.0849711836855
0.19696969697
0.0
0.180952380952
0.0
0.571428571429
0.126315789474
0.166666666667
0.110769230769
0.133333333333
0.333333333333
0.133333333333
0.0
0.166666666667
0.176688251619
0.0
0.155555555556
0.0824524312896
0.0
0.333333333333
1.0
0.333333333333
0.156746031746
0.0
0.0
0.0
0.0
0.106545485578
0.047619047619
0.0
0.0
0.142857142857
0.666666666667
0.666666666667
0.22186581128
0.162055335968
0.0
0.14052741152
0.0
0.213526570048
0.0946115288221
0.176715830875
0.0
0.203761755486
0.171136811024
0.0
0.140243902439
0.0
0.0
0.175757575758
0.0
0.166666666667
0.333333333333
0.102766798419
0.320261437908
0.241666666667
0.142857142857
0.108488733489
0.211822660099
0.2
0.221322537112
1.0
0.0
0.0
0.0
0.0
0.14979757085
0.0666666666667
0.0
0.0
1.0
0.0
0.0
0.0
0.0
0.0
0.211915535445
0.282768777614
0.0
0.131078224101
0.15526751241
0.225
0.12865497076
0.20748100526
0.0952380952381
0.131481481481
0.341935483871
0.0
0.0
0.0
0.0
0.319088319088
0.0
0.0
0.0
0.17
0.0
0.309090909091
0.257142857143
0.0
0.0666666666667
0.163333333333
0.158421830891
0.128571428571
0.0
1.0
0.226315789474
0.0
0.131866421836
0.0
0.666666666667
0.288888888889
0.215789473684
0.0578947368421
0.0
0.0
0.181818181818
0.0
0.0
0.0
0.265656565657
0.109061748196
0.275
0.156862745098
0.0
0.181818181818
0.142857142857
0.168910891089
0.118210384558
0.148780487805
0.380952380952
0.0
0.196283391405
0.241758241758
0.0666666666667
0.0
0.0
0.0
0.0
0.176648517846
0.190476190476
0.167478091529
0.428571428571
0.333333333333
0.217948717949
0.285714285714
0.148387096774
0.0
0.0
0.176470588235
0.5
0.0
0.0
0.0
0.333333333333
0.0
0.226251276813
0.0555555555556
0.0
0.0
0.0
0.123936507937
0.180272108844
0.164102564103
0.0
0.0
0.153846153846
0.105916375467
0.173333333333
0.0
0.121212121212
0.181818181818
0.110336817654
0.203778677463
0.314310798946
0.1
0.333333333333
0.0
0.0
0.0
0.162308164518
0.0
0.333333333333
0.0
0.0
0.0
0.0
0.0
0.0
0.0
0.157253599114
0.0
0.246153846154
0.0
0.199033816425
0.0
0.266666666667
0.533333333333
0.215850515464
0.155844155844
0.214539007092
0.166666666667
0.0
0.336956521739
0.0
0.0
0.219607843137
0.0916666666667
0.0
0.151045556385
0.333333333333
0.0
0.205128205128
0.0
1.0
1.0
0.0
0.0
0.3
0.110671936759
0.166666666667
0.0952380952381
0.180293501048
0.0
0.0
0.308823529412
0.294252873563
0.194235588972
0.533333333333
0.120879120879
0.183661475169
0.104240766074
0.256448412698
0.197477477477
0.0
0.3
0.0
0.159595959596
0.0
0.0666666666667
0.272727272727
0.333333333333
0.102403586058
0.0
0.0666666666667
0.0
0.0
0.0
0.358695652174
0.333333333333
0.0
0.333333333333
0.333333333333
0.201127819549
0.0
0.0
0.191666666667
0.0
0.0
0.0
0.0
0.144871794872
0.0
0.0
0.0
0.0
0.233846153846
0.0
1.0
0.0
0.0
0.0
0.0
0.0
0.0
0.0985324947589
0.0
0.0
0.0
1.0
0.130868082874
0.106060606061
0.0935960591133
0.0
0.0
0.0
0.0
0.0
0.0
0.142857142857
0.0
0.0
0.138959931799
0.0
0.0
0.0
0.0
0.0
0.0
0.092362924282
0.0
0.201902748414
0.150297619048
0.222404371585
0.0
0.0
0.0903586399627
0.0
0.204545454545
0.0960591133005
0.0
0.0
0.175
0.191176470588
0.333333333333
0.0
0.0
0.0842413050169
0.105169340463
0.0
0.181041181041
0.230769230769
0.224915824916
0.285714285714
0.0
0.333333333333
0.169274537696
0.0714285714286
0.0
0.0
0.0
0.0
0.555555555556
0.0
0.0
0.208245243129
0.0
0.333333333333
0.0824598183089
0.333333333333
0.0
0.166666666667
0.254901960784
0.0
0.178520033326
0.0
0.0
0.0
0.0
0.0
0.0
0.116231438812
0.0
0.0
0.0
0.047619047619
0.0
0.093567251462
0.333333333333
1.0
0.0
0.1
0.0
0.238095238095
0.393939393939
0.320261437908
0.0916666666667
0.0983676177837
0.174491392801
0.0
0.0
0.0994535519126
0.0707692307692
0.0
0.242424242424
0.141597601834
0.15849969752
0.189277389277
0.0
0.666666666667
0.0833333333333
0.0606060606061
0.0
0.0
0.0
0.333333333333
0.0
0.254658385093
0.0
0.333333333333
0.166666666667
0.133333333333
0.107142857143
0.17
0.0
0.142857142857
0.16432912576
0.163742690058
0.0
0.166666666667
0.111394557823
0.282919090428
0.0
0.0666666666667
0.0
0.11298245614
0.0
0.0
0.5
0.030303030303
0.0
0.216216216216
0.294871794872
0.247346451998
0.133333333333
1.0
1.0
0.0
0.0
0.0
0.171191553544
0.0
0.0
0.0833333333333
0.0
0.0
0.4
0.285714285714
0.0
0.176767676768
0.0
0.0
0.166666666667
0.0
0.100513992005
0.263529411765
0.0
0.196078431373
0.0
0.0
0.14465408805
0.333333333333
1.0
0.0
0.488888888889
0.220238095238
0.0
0.0
0.0
0.233333333333
0.217894736842
0.380952380952
0.0
0.176759565423
0.217154331612
0.0
0.0
0.0
0.0
0.257575757576
0.314814814815
0.0
0.0
0.0
0.0
0.0
0.0
0.0
0.0
1.0
0.245470485096
0.0
0.0
0.0
0.192192192192
0.169274537696
0.117921492921
0.238095238095
0.109090909091
0.0
0.259259259259
0.222222222222
0.110395189003
0.138917262513
0.0
0.252307692308
0.266666666667
0.149425287356
0.0
0.0
0.0727272727273
0.117569518549
0.0
0.0850241545894
0.0
0.333333333333
0.0
0.666666666667
0.266666666667
0.166666666667
0.0
1.0
0.0
0.118569399762
0.285714285714
0.2
0.0
0.333333333333
0.197766676462
0.5
0.333333333333
0.333333333333
0.666666666667
0.134246035654
0.0
1.0
0.141702993316
0.6
0.411111111111
0.0
0.0
0.0
0.214285714286
0.0
0.333333333333
0.166666666667
0.211965811966
0.0
0.131578947368
0.0
0.0
0.0
0.0
0.3
0.142857142857
0.0
0.176277157957
0.0
0.2
0.261437908497
0.4
0.285714285714
0.0
0.047619047619
0.2
0.187780210614
0.152173913043
0.245341614907
0.163704971261
0.145454545455
0.192929292929
0.0
0.17947386639
0.233990147783
0.0
0.0
0.171308290155
0.0
1.0
1.0
0.111111111111
0.170454545455
0.4
0.0
0.0
0.0
0.0897435897436
0.0
0.28231292517
0.0888888888889
0.0
0.0859140859141
0.144086021505
0.222222222222
0.0843754113466
0.104298356511
0.339031339031
0.142857142857
0.0
0.333333333333
0.178571428571
0.0
0.198321891686
0.141666666667
0.241807909605
0.177777777778
0.132767456758
0.209908069459
0.0
0.0
0.0
0.123419012648
0.15834767642
0.125405405405
0.168859649123
0.0
0.0
0.0
0.0
0.229437229437
0.180952380952
0.0
0.249350649351
0.0
0.226666666667
0.0
0.0
0.0
0.178842781999
0.0
0.138888888889
0.181818181818
0.170612244898
0.196036036036
1.0
0.292397660819
0.166666666667
0.7
0.307823129252
0.0
0.0
0.0
0.0
0.0
0.0
0.0
0.0
0.0
0.198830409357
0.16908563135
1.0
0.0662478583666
0.132253711201
0.102879119705
0.0
1.0
0.0
0.169112508735
0.222222222222
0.333333333333
0.276360544218
0.0
0.206477732794
0.0
0.0
0.0
0.0
0.0
0.5
0.0
0.333333333333
0.228973843058
0.0
0.388888888889
0.166666666667
0.0
1.0
0.666666666667
0.245687645688
0.0
0.0
0.210796718043
0.0
0.0
0.0
0.268968456948
0.0
0.0
0.18671679198
0.116883116883
0.0
0.0
0.268965517241
0.221052631579
0.0
0.0
0.410256410256
0.4
0.169222633527
0.0
0.20523843643
0.0
1.0
0.0
0.0
0.186554621849
0.177865612648
0.126025667999
0.333333333333
0.218181818182
0.0
0.0
0.666666666667
0.0
0.0
0.0
0.0
0.0
0.0
0.0
0.175824175824
0.0
0.0
0.0
0.0
0.0
0.0
0.0
0.0
0.142857142857
0.0
0.485714285714
0.0
0.216627327564
0.4
0.333333333333
0.282352941176
0.254545454545
0.0
0.148240165631
1.0
0.150782361309
0.0
0.0
0.142313546423
0.0
0.0957634598411
0.150280112045
0.238095238095
0.145886075949
0.0610098599763
0.196041822255
0.305288461538
0.165050505051
0.157062146893
0.4
0.0
0.0869565217391
0.0
0.123989218329
0.0
0.0
0.0
0.0
0.0
0.186838709677
0.225177304965
0.0
0.0
0.0
0.1043187251
0.2
1.0
0.263157894737
0.0
0.224844720497
0.166666666667
0.205113135469
0.0
0.145454545455
0.0
0.0
0.0
0.333333333333
0.205874639392
0.363636363636
0.147108843537
0.0641025641026
0.666666666667
0.0
0.0
0.0
0.0
0.0
0.185307017544
0.0555555555556
0.263157894737
0.134146341463
0.109090909091
0.117907444668
0.0
0.0
0.0
0.22849213691
0.0
0.0924731182796
0.0
0.0940649496081
0.0
0.0
0.047619047619
0.333333333333
0.181818181818
0.211764705882
0.0555555555556
0.0
0.0
0.0
0.0
0.0
0.16393442623
0.0
0.0
0.0
0.0
0.111111111111
0.22380952381
0.166666666667
0.228758169935
0.238095238095
0.234708392603
0.0621951219512
0.0
0.666666666667
0.077380952381
0.0
0.0
0.0
0.0
0.0
0.1
1.0
0.0
0.0
0.320346320346
0.0
0.239543114543
0.30303030303
0.135165930779
0.0
0.133333333333
0.0
0.0
0.666666666667
0.0
0.0
0.084126984127
0.0952380952381
0.0
0.0
1.0
0.0
0.0
0.0
0.13023255814
0.0
0.0
0.0
0.0
0.196009389671
0.0
0.0
0.030303030303
0.0
0.129072681704
0.0
0.0
0.205673758865
0.0
0.0
0.0
0.0
0.0
0.0
0.0
0.0
0.0
0.0
0.226315789474
0.193789151006
0.352380952381
0.169934640523
0.151310861423
0.241379310345
0.0
0.0
0.318634423898
0.173361522199
0.224615384615
0.351648351648
0.0
0.0
0.21978021978
0.0
0.0
0.0
0.0
0.0
0.166666666667
0.0
0.0
0.128787878788
0.1802413273
0.0222222222222
0.0666666666667
0.138775510204
0.0
0.0
0.0
0.117057068495
0.0
0.0
0.0
0.5
0.333333333333
0.136605783866
0.224293785311
0.107142857143
0.154863355862
0.333333333333
0.311111111111
0.131578947368
0.3
0.0294117647059
0.116666666667
0.233400402414
0.204204204204
0.159863945578
0.0
0.0
0.187745483111
0.0
0.201754385965
0.0
0.666666666667
0.0
0.0
0.0
0.0
0.0
0.193561368209
0.177304964539
0.555555555556
0.0
0.0
0.0
0.137813151007
0.0
0.0
0.162878787879
0.210220673635
0.197802197802
1.0
0.0
0.0
0.0
0.0
0.0
0.0
0.2
0.0
0.204944178628
0.0
0.0
0.0
0.0
0.0
0.0
0.0909090909091
0.0807617040494
0.18455750501
0.323529411765
0.099507562877
0.318681318681
0.15145550606
0.0
0.150696568128
0.117122881858
0.156989247312
0.0
1.0
0.333333333333
0.225423728814
0.164730006835
0.178571428571
0.177287017867
0.0
0.15
0.333333333333
0.0
0.317211948791
0.0
0.0
0.171540880503
0.152706827309
0.256678281069
0.222602739726
0.178947368421
0.118279569892
0.146153846154
0.0
0.274747474747
0.146830009836
0.0
0.241039671683
0.304761904762
0.142857142857
0.361823361823
0.166666666667
0.213360739979
0.152156862745
0.0
0.0
0.385620915033
0.154190891473
0.247357293869
0.226522101751
0.176519653842
0.205263157895
0.166666666667
0.0
0.181818181818
0.516666666667
0.127272727273
1.0
0.150326797386
0.188405797101
0.0
0.0
0.242647058824
0.266666666667
0.333333333333
0.0
0.0
0.0
0.209818819404
0.0
0.142857142857
0.0
0.0
0.194444444444
0.0
0.0
0.166512488437
0.0
0.149158997144
0.333333333333
0.0
0.355555555556
0.311111111111
0.0653594771242
0.0
0.133333333333
0.333333333333
0.265268065268
0.0
0.5
0.337858220211
0.24024822695
0.298245614035
0.277777777778
0.0873469387755
0.157548125633
0.0
0.0
0.0
0.181393174381
0.0
0.273612463486
0.666666666667
0.287878787879
0.0
0.0
0.0
0.235887096774
0.107142857143
0.0
0.0
0.0
0.229508196721
0.158645276292
0.114009661836
0.21300563236
0.0
0.209523809524
0.232118758435
0.0
0.142857142857
0.0
0.516483516484
0.0
0.0
0.0
0.0
0.252380952381
0.358974358974
0.0
0.0
1.0
0.0
0.0888157894737
1.0
0.0
0.0
0.169993950393
0.3
0.17668997669
0.0
0.5
0.116666666667
0.204151404151
0.348484848485
0.25
0.0277777777778
0.134024271415
0.0
0.666666666667
0.256157635468
0.246666666667
0.100850111857
0.109493670886
0.166666666667
0.0
0.0
0.0
0.0
0.0
0.5
0.0
0.0
0.0
0.239202657807
0.2
0.380952380952
0.0
0.162698412698
0.0
0.25
0.0
0.19696969697
0.238095238095
0.0
0.0
1.0
0.0
0.0
0.0
0.0
0.12543554007
0.0
0.154455445545
0.163636363636
0.0
0.149659863946
0.0
0.0
0.0
0.0
0.290980392157
0.581818181818
0.25
0.238095238095
0.272727272727
0.0
1.0
0.0
0.28835978836
0.0
0.207128712871
0.0
0.0
0.0
0.130718954248
0.140211640212
0.0
0.333333333333
0.0
0.103896103896
0.322580645161
0.333333333333
0.0
0.179487179487
0.058064516129
0.0
0.144827586207
0.333333333333
0.666666666667
0.0
0.0
0.0
0.0
0.2
0.0
0.0
0.113872805159
0.20303030303
0.141981981982
0.466666666667
0.0
0.291291291291
0.160628844839
1.0
0.0952380952381
0.205705705706
1.0
0.4
0.0
0.107142857143
0.0
0.0
0.0
0.0
0.0
0.0
0.0
0.0
0.0
0.410256410256
0.0
0.316666666667
0.0
0.221373397844
0.280769230769
0.0952380952381
0.0
0.0
0.0
0.0
0.233333333333
0.0
0.185524974516
0.177613320999
0.178895877009
0.0
0.228260869565
0.0
0.0
0.0
0.127202013269
0.047619047619
0.0
0.0
0.222222222222
0.214285714286
0.194444444444
0.245221445221
0.192307692308
0.218292682927
0.0
0.133333333333
0.0
0.0806451612903
0.0
0.31884057971
0.0972305777409
0.406666666667
0.0
0.0
0.4
0.0
0.19989615784
0.212341197822
0.0734614603433
0.136680676026
0.272727272727
0.0
0.112010796221
0.290043290043
0.100985221675
0.0
0.197435897436
0.0
0.166666666667
0.120614035088
0.147058823529
0.0
0.164570718832
0.0666666666667
0.203463203463
0.444444444444
0.165912518854
0.0
0.0
0.0
0.0
0.1
0.0
0.0
0.119540229885
0.0
0.0
0.257894736842
0.0
0.0
0.25641025641
0.268774703557
0.0
0.0
0.0
0.0
0.0
0.290909090909
0.0
0.666666666667
0.5
0.335095137421
0.0
0.0
1.0
0.294871794872
0.0
0.166666666667
0.0
0.333333333333
0.0
0.0
0.0
0.0
0.0
0.109090909091
0.0
0.0
0.0
0.0
0.0
0.357142857143
0.0
0.146440516006
0.173684210526
0.0
0.0
0.0
0.222222222222
0.0
0.147950089127
0.0545454545455
0.227941176471
0.151515151515
0.0
0.0
1.0
0.0955882352941
1.0
0.380952380952
0.142706838833
0.535714285714
0.666666666667
0.0
0.0
0.0
0.0
0.0
0.25568627451
0.0
0.2
0.0
0.0
0.121212121212
0.119966583124
0.2
0.0728709394205
0.2
0.208333333333
0.111111111111
0.0
0.128735632184
0.0797101449275
0.0
0.0
0.0
0.0
0.0
0.266666666667
0.0
0.190476190476
0.393939393939
0.0
0.0
0.5
0.4
1.0
0.333333333333
0.0
0.128735632184
0.0
0.116949152542
1.0
0.0
0.0441176470588
0.266666666667
0.0
0.2
0.0909090909091
0.0
0.270769230769
0.0
0.0666666666667
0.0
0.153846153846
0.2
0.0909090909091
0.142528735632
0.0
0.333333333333
0.0
0.3
0.2
0.310204081633
0.0814606741573
0.0
0.198660494435
0.0
0.318279569892
0.157983193277
0.21803652968
0.243892339545
0.133333333333
0.140672782875
0.377777777778
0.0
0.109523809524
0.0
0.0
0.0619796484736
0.2
0.182330827068
0.235294117647
0.22324929972
0.0972527472527
0.272727272727
0.0
0.0
0.0
0.0
0.0
0.0
0.231707317073
0.0
0.188250567997
0.208333333333
0.0
0.2
0.236363636364
0.0
0.122807017544
0.0
0.300653594771
0.0
0.333333333333
0.0
0.157894736842
0.242819437975
0.428571428571
0.142857142857
0.159440559441
0.287526427061
0.0
0.156448394703
0.0
0.212587412587
0.166666666667
0.0714285714286
0.104609929078
0.666666666667
0.166666666667
0.0909090909091
0.162055335968
0.25
0.3
0.0908344733242
0.0
0.12380952381
0.0
0.0
0.252747252747
0.0
0.0
0.14062816616
0.178571428571
0.0
0.0
0.0
0.0
0.0
0.4
0.157242063492
0.0
0.258333333333
0.141649899396
0.283068783069
0.19028340081
0.224137931034
0.358974358974
0.276604068858
0.0
0.0
0.151055164754
0.390476190476
0.237433000145
0.214222222222
0.380952380952
0.281045751634
0.161916800735
0.27485380117
0.262156448203
0.209230769231
0.5
0.125886524823
0.0659340659341
0.120259019426
0.241758241758
0.0
0.333333333333
0.216666666667
0.0
0.0
0.161259440485
0.126558441558
0.133333333333
0.0
0.0
0.0
0.0
0.0
0.0
0.0
0.0
0.0
0.333333333333
0.218181818182
0.0
0.0
0.0
0.0
0.0
0.0
0.133333333333
0.333333333333
0.0
0.0952380952381
0.27503628447
0.240860215054
0.0
0.0
0.0
0.0
0.112156862745
0.0
0.212121212121
0.0
0.210526315789
0.0666666666667
0.0
0.0
0.0
0.0
0.232909860859
0.0
0.0
0.109090909091
0.0
1.0
0.109090909091
0.0
0.222222222222
0.0
0.333333333333
0.333333333333
0.0
0.0
0.0
0.0
0.137254901961
0.2
0.17978190392
0.133333333333
0.269833876727
0.0
0.047619047619
0.0
0.0
0.0
0.0
0.0
0.0
0.125148514851
0.181818181818
1.0
0.0
0.178226514486
0.100826446281
0.6
0.0
0.19696969697
0.103047697144
0.3
0.5
0.0
0.0
0.0
0.166666666667
0.333333333333
0.0
0.2
0.0
0.21312021312
0.0
0.236742424242
0.333333333333
0.0714285714286
1.0
0.0783076203834
0.19696969697
0.0
0.0907258064516
0.166666666667
0.320158102767
0.272727272727
0.234126984127
1.0
0.0
0.0
0.0
0.0
0.0
0.396011396011
0.0
0.0
0.233333333333
0.2
1.0
0.0
0.0
0.0
0.0
0.0
0.047619047619
0.0
0.422222222222
0.0
0.0
0.0
0.0
0.102941176471
0.137254901961
0.221261261261
0.128205128205
0.183164983165
0.0
0.5
0.0
0.136861801657
0.0
0.166666666667
0.231746031746
0.150197628458
0.0
1.0
0.0
0.2
0.166358068651
0.4
0.333333333333
0.3
0.0555555555556
0.0
0.333333333333
0.333333333333
0.0
0.135356017307
0.0
0.0357142857143
0.219047619048
0.201426024955
0.228260869565
0.0
0.178531073446
0.152631578947
0.117283950617
0.228485757121
0.133333333333
0.363636363636
0.270935960591
0.0
0.179487179487
0.392857142857
0.47619047619
0.245464642725
0.309387755102
0.108785529716
0.266339066339
0.148840206186
0.0
0.0
0.0952380952381
0.0
0.142857142857
0.0
0.0
0.0
0.108333333333
0.11738648948
0.0
0.2
0.170114942529
0.128716744914
0.0
0.666666666667
0.0
0.3
0.0
0.0
0.034632034632
0.211161387632
0.0
0.0
0.0
0.0
0.176418439716
0.320430107527
0.167019027484
0.0
0.251231527094
0.140350877193
0.136363636364
0.311111111111
0.127272727273
0.137777777778
0.171176975945
0.185694869181
0.0
0.10888331941
0.0
0.195402298851
0.203076923077
0.0
0.266666666667
0.0
1.0
0.194444444444
0.318181818182
0.25
0.0
0.0
0.0
0.0
0.0
0.3
0.189038634322
0.0
0.0902929830049
0.0
0.0
0.0
0.333333333333
0.428571428571
0.333333333333
0.128180550715
0.154767291045
0.216931216931
0.160232681121
0.109895352416
0.0
0.15
0.234708392603
0.188524590164
0.0
0.144535240041
0.0
0.0
0.140067340067
0.0
0.207661290323
0.0
0.133333333333
0.136842105263
0.333333333333
0.0
0.0
0.0
0.0
0.0
0.181818181818
0.165217391304
0.141025641026
0.0
0.0
0.4
0.2
0.176635618898
0.121621621622
0.167487684729
0.176893311222
0.157983193277
0.0
0.157225839149
0.1
0.104991394148
0.148553201185
0.0
0.5
0.0
0.196832579186
0.0
0.0
0.0
0.047619047619
0.0
0.0
0.0
0.0
0.119718309859
0.194581280788
0.104575163399
0.0833333333333
0.0933424845573
0.191836734694
0.0
0.25730994152
0.0
0.225683060109
0.0
0.171922343171
0.0
0.25641025641
0.150316455696
0.172940700263
0.141025641026
0.0
0.0
1.0
0.126293995859
0.0
0.22380952381
0.142857142857
0.0
0.0
0.0
0.2
0.197534766119
0.333333333333
0.166666666667
0.0
0.047619047619
0.52380952381
0.132773109244
0.0
0.166666666667
0.0888888888889
0.0
0.184554455446
0.4
0.273232136246
0.0
0.178571428571
0.143434343434
0.0
0.0984126984127
0.154272440684
0.0
0.328629032258
0.0988037341383
0.0
0.153409090909
0.257246376812
0.209230769231
0.229024943311
0.0
0.0
0.0
0.0
0.0
0.131868131868
0.0
0.11658456486
0.27619047619
0.0851759687167
0.31550802139
0.2
0.165386584741
0.166666666667
0.158390133074
0.0
0.0
0.0
0.217785399314
0.0
0.0
0.666666666667
0.169029209622
0.214381181502
0.260869565217
0.4
0.227513227513
0.0
0.466666666667
0.0
0.0
0.111111111111
0.2
0.285714285714
0.0
0.333333333333
0.0
0.0
0.3
0.0
0.3
0.0
0.166666666667
0.166666666667
0.0
0.0
0.0486154694489
0.1443001443
0.118197278912
0.0947115384615
0.0
0.241935483871
0.157575757576
0.219047619048
0.302005012531
0.0
0.0
0.0
0.0
0.0
0.0
0.0
0.0
0.0897435897436
1.0
0.0
0.0
0.0
0.117794486216
0.145454545455
0.093567251462
0.0
0.0
0.0
0.0
0.0
0.0
0.202657807309
0.298904538341
1.0
0.0
0.0
0.0
0.5
0.0
0.0
0.204761904762
0.0
0.281720430108
0.2
0.136363636364
0.174108480671
0.0
0.0
0.133333333333
0.133333333333
0.195936139332
0.338095238095
0.0
0.21892542101
0.288888888889
0.218623481781
0.221906116643
0.0
0.138888888889
0.0
0.0
0.219106957425
0.0
0.0
1.0
0.047619047619
0.0
0.0
0.0
0.0
0.1
0.0
0.0
0.0
0.0
0.0513833992095
0.0
0.232612507306
0.333333333333
0.0
0.0
0.1
0.155555555556
0.0
0.0
0.0
0.0
0.0
0.0
0.169926119079
0.138302277433
0.119897959184
0.277777777778
0.202564102564
0.222222222222
0.222222222222
0.466666666667
0.143841278589
0.0
0.0
0.0666666666667
0.0
0.336842105263
0.11875
0.184684684685
0.0
0.0
0.0454545454545
0.0
0.464285714286
0.0
0.107366929771
0.0
1.0
0.121212121212
0.0
0.321428571429
0.333333333333
0.0
0.0812262958281
0.0760108346315
0.0
0.0
0.0
0.0
0.0
0.0
0.181818181818
0.175609756098
0.0
0.422222222222
0.257352941176
0.200767263427
0.0680571033588
0.312312312312
0.236544549977
0.333333333333
0.333333333333
0.333333333333
0.0
0.0
0.0
0.0
0.1
0.0
0.0
0.666666666667
0.0
0.0
0.0
0.0
0.0
0.0
0.0
1.0
0.0
0.0
0.0
0.0
0.0
0.0
0.0
0.0
0.198412698413
0.0
0.333333333333
0.12380952381
0.24262295082
0.0
0.0
0.0
0.0
0.0
0.0
0.138861138861
0.0
0.0
0.142857142857
0.0643274853801
0.0
0.105882352941
0.0
0.4
0.176951846657
0.0
0.332307692308
0.0
0.0
0.19595959596
1.0
0.0
0.0
0.110119047619
0.136402387042
0.0
0.152941176471
0.157033173982
0.0
0.2
0.216524216524
0.133333333333
0.266666666667
0.0
0.0
0.357142857143
0.0
0.0
0.175473579262
0.233990147783
0.0
0.114005602241
0.0562770562771
0.0
0.161837148653
0.0363636363636
0.138461538462
0.0
0.0
0.0
0.155880963628
0.130814135961
0.0
0.0782213567024
0.141843971631
0.0
0.0
0.0
0.0
0.0
0.0
0.0
0.0
0.0
0.0
0.0
0.150841750842
0.0
0.0882352941176
0.377777777778
0.0
0.0
0.198529411765
0.25
0.123226950355
0.185004868549
0.120894479385
0.1085995086
0.203365384615
0.105911330049
0.392857142857
0.0
0.244897959184
0.0
0.0606060606061
0.212593313859
0.12375249501
0.0
0.190751976466
0.111111111111
0.0
0.0
0.13631423692
0.193333333333
0.218219461698
0.0
1.0
0.0
0.192672998643
0.0
0.333333333333
1.0
0.0
0.0
0.187804878049
0.115384615385
0.0
0.147619047619
0.214285714286
0.0
0.215300546448
0.0
0.1
0.326153846154
0.0
0.0
0.0
0.0
0.0
0.107078039927
0.333333333333
0.235294117647
0.305555555556
0.0
0.178571428571
0.0
0.0897435897436
0.181818181818
0.0
0.178571428571
0.113469387755
0.0
0.17619047619
0.0
0.266666666667
0.47619047619
0.251488095238
0.0
0.2
0.333333333333
1.0
0.0
0.133333333333
0.333333333333
0.183529411765
0.0
0.121212121212
0.251322751323
0.5
0.0598372899769
0.0
0.0
0.0560471976401
0.216589861751
0.0
0.0
0.2
0.0
0.150204081633
0.257142857143
0.190476190476
0.205882352941
0.0
0.1
0.392156862745
0.4
0.0
1.0
0.0
0.0
0.0
0.174350605195
0.153153153153
0.0
0.143416270618
0.238859180036
0.142857142857
0.251984126984
0.146169772257
0.257575757576
0.0
0.6
0.0
0.666666666667
0.0
0.0
0.0
0.166666666667
0.0
0.0
0.0
0.176116838488
0.5
0.142857142857
0.153973013493
0.21746031746
0.0
0.333333333333
0.1
0.257575757576
0.156862745098
0.194331983806
0.141937438461
0.0
0.18984962406
0.0
0.301091269841
0.0757575757576
0.3
0.0
0.180745814307
0.0
1.0
0.0
0.0
0.217204301075
0.416666666667
0.0
0.0
1.0
1.0
0.0
0.302419354839
0.0
0.5
0.145474305232
0.0
0.0
0.233333333333
0.466666666667
1.0
0.08
0.0
0.0
0.5
0.0983939567067
0.116129032258
0.167855929324
0.245490196078
0.0
0.25641025641
0.666666666667
0.0
0.154411764706
0.0
0.12380952381
0.19512195122
0.15243902439
0.238095238095
0.0765351153701
0.186766541823
0.236111111111
0.0720248495438
0.0619860847565
0.0575438596491
0.0
0.157907310081
0.0876779950636
0.104450442533
0.3
0.145454545455
0.0
0.0
0.0
0.666666666667
0.0666666666667
0.190476190476
0.0
0.225646879756
0.0
0.285714285714
0.4
0.0
0.0771929824561
0.8
0.5
0.0
0.0
0.0
0.0
0.0
0.3
0.184246309246
0.0
0.472222222222
0.142857142857
0.0
0.0
0.0714285714286
0.170274170274
0.2
0.152496626181
0.0
0.0
0.0
0.0
0.0
0.0
0.098040201005
0.666666666667
0.0
0.159090909091
0.0
0.0
0.131859131859
0.213675213675
0.058001397624
0.0
0.115615615616
0.0
0.333333333333
0.0
0.311111111111
0.0363636363636
0.225108225108
0.0941983272624
0.0
0.249249249249
0.321428571429
0.136636636637
0.404411764706
0.0
0.0
0.158312655087
0.426470588235
0.0
0.0
0.178794992175
0.0
0.238095238095
0.0
0.5
0.0
0.0
0.0
0.0
0.0
0.27619047619
0.0
0.195189639223
0.0
0.0948963960332
0.0
0.0
0.224633542737
0.206329113924
0.14804964539
0.0
0.22322775264
0.0
0.527777777778
0.162878787879
0.0
0.666666666667
0.0978835978836
0.0
0.380952380952
0.132486388385
0.0
0.0
0.0
1.0
0.21351981352
0.141297913275
0.0
0.0
0.0
0.116002795248
0.436363636364
0.165413533835
0.167287784679
1.0
0.207710464201
0.178385772914
0.0
0.0
0.0
0.0
0.0
0.0
0.246376811594
0.131034482759
0.196923076923
0.233613445378
0.0
0.227272727273
0.0
0.0
0.0
0.139890710383
0.333333333333
0.0357142857143
0.0
0.130718954248
0.0
0.2
0.0
0.145454545455
0.0
0.0
0.0
0.138339920949
0.183227848101
0.0
0.342803030303
0.0
0.0
0.308333333333
0.18258178603
0.666666666667
0.329004329004
0.0
0.134909233381
0.186482446572
0.454545454545
0.0
0.0
0.0
0.196734693878
0.2
0.166666666667
0.0
0.100545830981
0.0
0.0
0.0546083518656
0.14612244898
0.3
0.213709677419
0.0714285714286
0.230769230769
0.183152627189
0.116906936649
0.094996105919
0.0
0.224043715847
0.133333333333
0.0859728506787
0.196078431373
0.333333333333
0.0
0.0
1.0
0.131868131868
0.221333661417
0.0
0.166666666667
0.0
0.165322580645
0.143826322931
0.156172839506
0.0666666666667
0.0
0.113414634146
0.174964438122
0.0
0.20902872777
0.0
0.0
0.0
0.0
0.0
0.168465946955
0.166666666667
0.0
0.229885057471
0.466666666667
0.296296296296
0.144927536232
0.0
0.0
0.317073170732
0.333333333333
0.0
0.0
0.0798442064265
0.166666666667
0.19028340081
0.0454545454545
0.0
0.0
0.283333333333
0.380952380952
0.246993524514
0.131661442006
0.0
0.264569842738
0.0
0.339869281046
0.174382716049
0.214285714286
0.0
0.0
0.0
0.16339869281
0.0
0.316239316239
0.143513789581
0.0
0.257246376812
0.136493432324
0.195767195767
0.202247191011
0.0
0.114709851552
0.0492610837438
0.232298136646
0.188639551192
0.0
0.0
0.0
0.0
0.0
0.0
0.0
0.111734830259
0.0
0.0
0.0
0.0
0.202009518773
0.201902748414
0.4
0.333333333333
0.333333333333
0.0
0.0
0.0
0.217948717949
0.192734967378
0.141030871753
0.0
0.186147186147
0.208791208791
0.126984126984
0.666666666667
0.127841342487
0.047619047619
0.0871912460453
0.2
0.175824175824
1.0
0.3
0.142857142857
0.0
0.0
0.0
0.125641025641
0.0
0.333333333333
0.19696969697
0.0
0.0
0.0952380952381
0.311111111111
0.0
0.0
0.333333333333
0.0
1.0
0.0606060606061
0.185703185703
0.0
0.0
0.0
1.0
0.0
0.0
0.111111111111
0.047619047619
0.0
0.333333333333
0.205128205128
0.0
0.0
0.0
0.0
0.0
0.121351766513
0.0
0.185116470831
0.156481481481
0.5
0.206896551724
0.0
0.0
0.222222222222
0.0
1.0
0.0
0.666666666667
1.0
0.666666666667
0.0
0.247863247863
0.0
0.4
0.0
0.0
0.25
0.333333333333
0.1
0.0
0.0
0.0
0.10405323654
0.25
0.0
0.111111111111
0.0
0.1
0.333333333333
0.0925436277102
0.0
0.0
0.392857142857
0.176532769556
0.0
1.0
0.0
0.333333333333
0.169491525424
0.0
0.215083162452
0.130769230769
0.0
0.208333333333
0.209230769231
0.249230769231
0.154571843251
0.0
0.0
0.13691026827
0.188428059396
0.347578347578
0.0
0.209150326797
0.216883116883
0.183823529412
0.0857142857143
0.150793650794
0.121052631579
0.102923646402
0.0
0.272727272727
0.0
0.2
0.0
0.197869101979
0.0
0.181609195402
0.0
0.222222222222
0.0
0.272727272727
0.188311688312
0.146374829001
0.161988773055
0.0900900900901
0.146147978642
0.278560250391
0.333333333333
0.214141414141
0.0
0.0
0.0
0.0
0.177865612648
0.141666666667
0.0
0.134603174603
0.17251975417
0.0
0.333333333333
0.0545454545455
0.0
0.142357274401
0.189312977099
0.0
0.13475177305
0.243951612903
0.159856717868
0.229249011858
0.0
0.222016651249
0.0
0.195652173913
0.0
0.0
0.0
0.0
0.155864197531
0.0
1.0
0.129378531073
0.0
0.161629932591
0.219522591645
0.1
0.176666666667
0.151515151515
0.179964539007
0.0
0.170588235294
0.0
1.0
0.4
0.133333333333
0.251956181534
0.0
0.190076869322
0.198129748685
0.0
0.333333333333
0.0
0.0
0.141940657578
1.0
0.0
0.193103448276
0.0
0.0
0.0
1.0
0.213691026827
0.0
0.187192118227
0.209090909091
0.0
0.0
0.0
0.25
0.233285917496
0.0
0.225296442688
0.0
0.397660818713
0.333333333333
0.119429590018
0.135384615385
0.101149425287
0.287878787879
0.203463203463
0.222222222222
0.0
0.257142857143
0.0
0.224590163934
0.238095238095
0.0791836734694
0.195945945946
0.228298017772
0.333333333333
0.130508474576
0.193873873874
0.125
0.0
0.0
0.0
0.0
0.333333333333
0.140296979007
0.0
0.248717948718
0.0
0.202012072435
0.0
0.0
0.160070785071
0.271771771772
0.0
0.333333333333
0.205566905005
0.0
0.233126293996
0.0
0.0
0.0
0.0
0.244444444444
0.0
0.14312251473
0.0
0.0
0.0
0.168797953964
0.0
0.666666666667
0.124294595887
0.3
0.148215366001
0.0
0.0
0.155555555556
0.213114754098
0.0
0.333333333333
0.166666666667
0.0
0.274988692899
0.264335664336
1.0
0.0666666666667
0.0
1.0
0.18793828892
0.0
0.0
0.0
0.200442967885
0.0
0.142857142857
0.236538461538
0.19696969697
0.25
0.204433497537
0.146169772257
0.166666666667
0.333333333333
0.18115942029
0.0
0.0
0.0
0.0
0.238095238095
0.221590909091
0.142857142857
0.0
0.19855269109
0.0
0.0
0.193061840121
0.666666666667
0.155231937731
0.076813655761
0.333333333333
0.233816425121
0.142857142857
0.142012708734
0.300435413643
0.21978021978
0.0
0.0
0.0
0.333333333333
0.12694756808
0.0
0.166467637927
0.0
0.333333333333
0.288888888889
0.143983268983
0.043956043956
0.087722529159
0.0
0.0
0.0
1.0
0.0
0.0
0.290909090909
0.243128964059
0.0
0.144827586207
0.0
0.206632653061
0.150326797386
0.5
0.124199288256
0.361904761905
0.178571428571
0.21306122449
0.198417721519
0.0
0.3
0.273115220484
0.0
0.141936258808
0.527272727273
0.0
0.352941176471
0.2
0.0
0.0
0.0
0.196078431373
0.133333333333
0.0
0.0
0.0
0.187460551231
0.0944166522914
0.136363636364
0.158267020336
0.157047369951
0.0
0.0
0.166666666667
0.0
0.2
0.281385281385
0.0
0.1
0.0529100529101
0.0
0.255913978495
0.155742296919
0.229210342418
0.133333333333
0.0
0.666666666667
0.0
0.0
0.0
0.0
0.0
0.239234449761
0.0
0.0
0.0
0.178947368421
0.2
0.0
0.216117216117
0.194444444444
0.196459166191
0.0
0.0
0.0
0.333333333333
1.0
0.0
0.137096774194
0.0
0.0
0.266666666667
0.0
0.326315789474
0.0
0.147974648664
0.0952380952381
0.281045751634
0.466666666667
0.0
0.0
0.193846153846
0.666666666667
0.0
0.104114490161
0.172320217096
0.285714285714
0.0
0.242307692308
0.0
0.0
0.0
0.16974789916
0.176386913229
0.180573143849
0.124500285551
0.117477477477
0.0
0.0470705604934
0.12
0.0666666666667
0.333333333333
0.0
0.0
0.0
0.13783533765
0.2
0.0
0.12268907563
0.131885356023
0.0
0.0
0.151249594288
0.0
0.191176470588
0.0666666666667
0.333333333333
0.0
0.0
1.0
0.124451493524
0.0
1.0
0.0
0.0
0.132890365449
0.0952380952381
0.0
0.0
0.0
0.0
0.128349992757
0.0
0.0
1.0
0.106060606061
0.193684210526
0.0
0.125603864734
0.333333333333
0.0
0.0
0.232183908046
0.0357142857143
0.247619047619
0.193732193732
0.0
0.666666666667
0.327485380117
0.209756097561
0.0589917962003
0.333333333333
0.122687439143
0.0
0.257575757576
0.111111111111
0.0
0.0
0.0
0.0
0.0
0.106666666667
0.0
0.0
0.0
0.0
0.0
0.0
1.0
1.0
0.0
0.0
0.099783257678
0.0
0.533333333333
0.215758857747
0.333333333333
0.197843665768
0.209523809524
0.149206349206
0.0929281122151
0.0916391119509
0.0665961945032
0.285714285714
0.0663942798774
0.166666666667
0.181818181818
0.124137931034
0.0
0.0
0.0
0.0
0.1
0.0
0.0
1.0
0.155555555556
0.307971014493
0.0995670995671
0.277777777778
0.136258064516
0.0
0.0
0.209359605911
0.108333333333
0.25197740113
0.135714285714
0.216666666667
0.666666666667
0.0
0.203834115806
0.0
0.0
0.0
0.143366336634
0.0
0.0
0.283333333333
0.0
0.0
0.0
0.0
0.198198198198
0.0
0.0
0.0
0.0
0.0
0.0
0.0
0.125765560461
0.0
0.0
0.141062801932
0.0
1.0
0.0
0.0
0.0
0.0
0.266666666667
0.0
0.18253968254
0.333333333333
0.0
0.0
0.190476190476
0.0
0.166666666667
0.0
0.167073170732
0.165005537099
0.194444444444
0.0
0.133333333333
0.0
0.0
0.0
0.266666666667
0.285714285714
0.143617021277
0.0
0.16043956044
0.0
0.166666666667
0.0
0.0
0.0
0.285714285714
0.252631578947
0.147545919904
0.0963877971177
0.165656565657
0.0
0.7
0.181818181818
0.143673469388
0.0
0.0757575757576
0.0
0.294117647059
0.0
0.0
0.272058823529
0.488888888889
0.0
0.0
0.0452711582469
0.0857329233063
0.25
0.0
0.234511008705
0.0
0.0666666666667
0.0
0.0
0.0
0.150224991346
0.0
0.0
0.0
0.191637630662
0.0
0.0
0.0
0.0
0.047619047619
0.321428571429
0.0
0.13197586727
0.0
0.0
0.140070921986
0.0
0.153755868545
0.178743961353
0.0
0.0
0.164835164835
0.0666666666667
0.333333333333
0.168327796235
0.0
0.0
0.0
0.0
0.214285714286
0.169590643275
0.0
0.177777777778
0.105982905983
0.140815182575
0.0
0.0
0.0
0.333333333333
0.0
0.0
0.0
0.0
0.0
0.504761904762
0.0
0.133333333333
0.142630401847
0.122580645161
0.0
0.125949367089
0.104575163399
0.0
0.108794439989
0.112707973046
0.0
0.120445648901
0.0
0.0
0.0
0.666666666667
0.4
0.0
0.0
0.167162698413
0.259259259259
0.0
0.113410143932
0.0
0.0
0.169342793129
0.0
0.0
0.0
0.0
0.135384615385
0.131034482759
0.0
0.223404255319
0.227053140097
0.0
0.0
0.0
0.0
0.183333333333
0.0
0.142857142857
0.0
0.0
0.333333333333
0.0889022075717
0.0
0.0
0.156942559928
0.0
0.167307692308
0.0
1.0
0.0
0.0
0.2
0.192285213326
0.333333333333
0.15135878913
0.199637023593
0.666666666667
1.0
0.153846153846
1.0
0.204872646733
0.0730158730159
0.0833333333333
0.197802197802
0.0
0.289814814815
1.0
0.0
0.0
0.2
0.0
0.153982300885
0.0
0.0
0.0
0.214285714286
0.13058667173
1.0
0.0
0.117647058824
0.0
0.0
0.0
0.0
0.0
0.0
0.136842105263
0.2
0.188034188034
1.0
0.0
0.190476190476
0.0
0.0
0.261099365751
0.0
0.27729468599
0.270833333333
0.0
0.0
0.0
0.248366013072
0.0
0.0
0.215789473684
0.167741935484
0.269898989899
0.166504381694
0.257575757576
0.0
1.0
0.248106060606
0.255639097744
0.216470588235
0.0
0.133333333333
0.0555555555556
0.0
0.0
1.0
0.0
0.0
0.131078224101
0.0
0.327272727273
0.0
0.311111111111
0.0
0.0
0.106060606061
0.0
0.275362318841
0.0
0.213223787167
0.0
0.0
0.269984917044
0.0
0.0
0.0
0.222222222222
0.187092223594
0.0
0.0
0.133333333333
0.0
0.0
0.0
0.0
0.193548387097
0.150315867707
0.124731182796
0.13265993266
0.0
0.163663663664
0.179052585832
0.178294573643
0.121607405849
1.0
0.1
0.0757575757576
0.0
0.0
0.0
0.110993657505
0.0
0.0
0.0
0.0
0.0
0.0
1.0
0.333333333333
0.230054644809
0.0590253946465
0.162162162162
0.132773109244
0.119540229885
0.179487179487
0.0996578272027
0.333333333333
0.351052048726
0.116059379217
0.0
0.1
0.261616161616
0.4
0.0
0.220168067227
0.170289855072
0.0888888888889
0.243333333333
0.203076923077
0.277056277056
0.0
0.0
0.133333333333
0.226600985222
0.285714285714
0.125
0.0857598145734
0.2
0.103174603175
0.170491803279
0.187379443373
0.11728468191
0.154419773775
0.14828375286
0.166666666667
0.0
0.144871794872
0.207346938776
0.138164251208
0.0
0.241067390321
0.135028248588
0.321428571429
0.221587301587
0.0
0.0
0.136600908413
0.224440411373
1.0
0.247357293869
0.0
0.133333333333
0.0
0.0
0.0
0.0
0.0
0.0
0.0
0.151851851852
0.0
0.240655401946
0.0
0.170929241262
0.0
1.0
0.0
0.206734006734
0.0
0.170542635659
0.0
1.0
0.0277777777778
0.333333333333
0.173896499239
0.0955882352941
0.0
0.0
0.0
0.4
0.0
0.0
0.261351052049
0.0
0.19298245614
0.107251844865
0.0
0.269162210339
0.0
0.0
0.150687172775
0.0
0.175495495495
0.0
0.275
0.147368421053
0.0
0.20395738204
1.0
0.215189873418
0.0
0.142857142857
0.666666666667
0.18561607615
0.373873873874
0.188990825688
0.0
0.371428571429
0.246376811594
0.0
0.154906037259
0.0
0.154984964145
0.0
0.0
0.0
0.125
0.0
0.192072072072
0.0
0.0
0.212406015038
0.12962962963
0.187943262411
0.333333333333
0.0
0.291497975709
0.144155844156
0.181818181818
0.0
0.277676950998
0.0960864930714
0.25746799431
0.199326599327
0.0
0.0
0.322352941176
0.107317073171
0.0428571428571
0.142857142857
0.0
0.0
0.2
0.0
0.0
0.0
0.0
0.222342342342
0.121052631579
0.215647074504
0.466666666667
0.287671232877
0.0
0.0666666666667
0.241758241758
0.0
0.190675990676
0.0
0.0452961672474
0.288888888889
0.139755766621
0.327272727273
0.0888888888889
0.153846153846
0.333333333333
0.0
0.0
0.199814986124
0.106060606061
0.307320024198
0.107142857143
0.0
0.0
0.187697874265
0.142857142857
0.0
0.0
0.0
0.101922771333
0.130434782609
0.109090909091
0.0
0.0
0.202876984127
0.203086419753
0.0
0.251017639077
0.147857889237
0.0
0.142857142857
0.178571428571
0.112169312169
0.0
0.102564102564
0.0
0.0
0.139890710383
0.0
0.0
0.0
0.333333333333
0.251322751323
0.185770750988
0.0
0.161818181818
0.166666666667
0.154838709677
0.191489361702
0.0
0.211948790896
0.0
0.130369956202
0.190476190476
0.166666666667
0.0
0.202178649237
0.0
0.137804878049
0.0
0.0
0.111607142857
0.266666666667
0.0
0.0666666666667
0.166666666667
0.172077922078
0.0
0.124060150376
0.0
0.133209990749
0.171428571429
0.0
0.0
0.0363636363636
0.0
0.466666666667
0.0
0.0
0.238095238095
0.0
0.0
0.0
0.311111111111
0.19797979798
0.392857142857
0.0
0.19696969697
0.0952380952381
0.0
0.0
1.0
0.0
0.0
0.0
0.0
0.0
0.0
0.0
0.333333333333
0.253699788584
0.0
0.0
0.0
0.0
0.0
0.0581395348837
0.178571428571
0.262365591398
0.0902335456476
0.3
0.136363636364
0.222222222222
0.0
0.0
0.135811126695
0.119909502262
0.0
0.030303030303
0.0
0.0
0.0
0.0
0.0222222222222
0.205128205128
0.0
0.0
0.0
0.0
0.169999015069
0.388888888889
0.0
0.0
0.0
0.4
0.0
0.0
1.0
0.266666666667
0.269905533063
0.181765049679
0.0355731225296
0.145454545455
0.0
0.0
0.0
0.0
0.0
0.0
0.0
0.0
0.0
0.0
0.0
0.0
0.0
0.204744069913
0.131126257709
0.345454545455
0.14749034749
0.191301792536
0.147799285632
0.333333333333
0.0
0.0
1.0
0.177759957231
0.163847780127
0.0
0.201581027668
0.121212121212
0.0
0.0
0.0
0.0
0.0
0.167097497927
0.0
0.210330578512
0.164835164835
0.1
0.0
0.0
0.212121212121
0.285714285714
0.0
0.0
0.0
0.163492063492
0.0
0.112206047032
0.346405228758
0.0
0.222222222222
0.0
0.137012987013
0.0
0.233333333333
0.0980448741072
0.0
0.138716356108
0.438095238095
0.0
0.0
1.0
0.185938945421
0.0
0.194444444444
0.336842105263
0.161764705882
0.0
0.444444444444
1.0
0.1088794926
0.176470588235
0.079495686795
0.223742454728
0.146350931677
0.254032258065
0.0
0.0
0.0
0.0
0.111111111111
0.333333333333
0.264705882353
0.0
0.116907312529
0.0851901565996
0.110955710956
1.0
0.120673076923
0.0
0.094623655914
0.147727272727
0.0
0.0
0.0
0.228034134008
0.0738916256158
0.213235294118
0.0714285714286
0.0
0.127272727273
0.0
0.0
0.0
0.0
0.0
0.0
0.194444444444
0.8
0.6
0.0
0.333333333333
0.0
0.0
0.0
0.0
0.0
0.204678362573
0.0
0.0
0.111111111111
0.119047619048
0.307862679956
0.0
0.25
0.180436029834
0.0
0.3
0.0
0.333333333333
0.0
0.163611491108
0.0
0.0
0.0701754385965
0.0
0.192354124748
0.1
0.264705882353
0.202389843167
0.276836158192
0.235507246377
0.0
0.659340659341
0.0363636363636
0.285714285714
0.0
0.0
1.0
0.0
1.0
0.354166666667
0.0
0.0
0.0
0.0
0.0
0.0
0.0
0.0
1.0
0.0
0.16935483871
0.3
0.224867724868
0.220772350555
0.0
0.285714285714
0.0
0.0989010989011
0.0952380952381
0.0952380952381
0.221930243669
0.308080808081
0.0
0.0
0.0
0.0
0.0
0.0
0.666666666667
0.0
0.0
1.0
0.0
0.289795918367
0.0
0.0
0.666666666667
0.0
0.2
0.0659340659341
0.0
0.107142857143
0.0
0.32
0.129464285714
0.0
0.0
0.12952836637
0.0
0.0
0.0
0.20987654321
0.178571428571
0.0
0.172596153846
0.0
0.0
0.153846153846
0.221445221445
0.0
0.466666666667
0.0
0.0
0.466666666667
0.0
0.0
0.177253478524
0.315315315315
0.0
0.136842105263
0.0
0.0952380952381
1.0
0.157062146893
0.0647773279352
0.0
0.194921070693
0.0
0.246753246753
0.0
0.0
0.0
0.132243258749
0.464285714286
0.181818181818
0.255411255411
0.0
0.165573770492
0.377777777778
0.0
0.0
0.207746478873
0.347826086957
0.0
0.0
0.0
0.0
0.0
0.0
1.0
0.1415901172
0.172043010753
0.0
0.237742830712
0.0
0.0
0.0
0.178191489362
0.242096642097
0.151948051948
0.0
0.0
0.0
0.0
0.0
0.0
0.0
0.357142857143
0.0
0.0
0.0
0.2
0.0727272727273
0.0
0.0952380952381
0.0
0.0
0.0
0.0
0.0
0.0
0.0
0.0
0.5
0.0
0.0
0.174091141833
0.185951997546
0.0
0.0
0.237373737374
0.1882532418
0.142657342657
0.176470588235
0.0
0.0
0.170918367347
0.263644773358
0.0998043052838
0.0
0.0
0.188980716253
0.0
0.0
0.0
0.247983870968
0.326666666667
0.666666666667
0.161290322581
0.204365079365
0.0
0.0
0.0
0.132983508246
0.333333333333
0.0
0.472727272727
0.0
0.0
0.207058823529
0.0
0.0
0.0
1.0
0.156862745098
0.0
0.273737373737
0.0
0.202298850575
0.0
0.333333333333
0.25641025641
0.266666666667
0.234343434343
0.333333333333
1.0
0.15558397272
0.151633986928
0.24358974359
0.222222222222
0.178571428571
0.196078431373
0.0
0.0
0.308823529412
0.0
0.0444444444444
0.117647058824
0.0
0.0877192982456
0.0
0.133333333333
0.0
0.0989010989011
0.0
0.0
0.267195767196
0.0
0.153334879048
0.0526315789474
0.0
0.139958784431
0.158245614035
0.0
0.0444444444444
1.0
0.0
0.170454545455
0.333333333333
0.0
0.166666666667
0.447619047619
0.666666666667
0.166666666667
0.176043298675
0.0
0.0
0.0
0.0
0.0
0.241565452092
1.0
0.215384615385
0.428571428571
0.271428571429
0.0
0.0
0.109693877551
0.100408163265
0.131168965875
0.241568627451
0.0
0.397435897436
0.0
0.0
0.5
0.149122807018
0.10404040404
0.166666666667
0.309090909091
0.0
0.0684144818976
0.0
0.0
0.0
0.0
0.0
0.0
0.0
0.0
0.0
0.0
0.227149167516
0.0
0.196855345912
0.193087638864
0.153846153846
0.283265306122
0.241758241758
0.192960662526
0.189230042513
0.0
0.333333333333
0.212560386473
0.0
0.0
0.0
0.233333333333
0.321428571429
1.0
0.545454545455
0.139269406393
0.285714285714
0.0
0.666666666667
0.120283018868
0.135526315789
0.0357142857143
0.666666666667
0.227505827506
0.0
0.0948640483384
0.0
0.142857142857
0.233781414378
0.190476190476
0.0
0.2
0.0
0.5
0.222222222222
0.238095238095
0.244444444444
0.0
0.0
0.0
0.104201680672
0.333333333333
0.0
0.666666666667
0.285714285714
0.146666666667
0.0866666666667
1.0
0.133333333333
0.152600170503
0.269230769231
0.0879942298866
0.0827387020048
0.0717470924629
0.259389671362
0.0
0.0
0.0952380952381
0.178494623656
0.146589259797
0.0
0.119333950046
0.0817073170732
0.0761904761905
0.0666666666667
0.0
0.239130434783
0.4
0.0
0.200296186598
1.0
0.333333333333
0.0
0.0
0.0
0.0
0.0672131147541
0.0
0.0
0.0
0.666666666667
0.107142857143
0.291005291005
0.333333333333
0.0
0.220261962042
0.225306122449
0.0
0.0
0.0
0.228571428571
0.222222222222
0.0
1.0
0.252380952381
0.0
0.0
0.121000223764
0.0
0.0947164948454
0.268421052632
0.0
0.0
0.0
0.238095238095
0.333333333333
0.0
0.0
0.0
0.0
0.238095238095
0.0
0.0
0.197594501718
0.0
0.333333333333
0.0
0.0
0.0
0.266666666667
0.5
0.142857142857
0.0
0.0
0.0
0.0
0.0
0.0
0.0
0.0
0.0
0.333333333333
0.155631659056
0.0990721570432
0.112216960189
0.220588235294
0.107142857143
0.278947368421
0.135198135198
0.194950911641
0.0
0.333333333333
0.0
0.333333333333
0.222222222222
0.173333333333
0.0
0.0
0.0
0.117086834734
0.103381642512
1.0
0.0
0.192265795207
0.121212121212
0.168163265306
0.0
0.2125
0.0
0.238095238095
0.148496240602
0.10041322314
0.0
0.0
0.0659340659341
0.0
1.0
0.0736842105263
0.239974937343
0.171244886032
0.23025210084
0.177323103154
0.333333333333
0.0
0.180197594502
0.176470588235
0.0
0.287878787879
0.0181818181818
0.0
0.104761904762
0.0
0.0
0.0
0.47619047619
0.110154905336
0.392045454545
0.137254901961
0.179487179487
0.0
0.0990740740741
0.0
0.0
0.0
0.1618287373
0.277428371768
0.132957150414
0.121052631579
0.155555555556
0.0579710144928
0.375661375661
0.0909090909091
0.193277310924
0.261279461279
1.0
0.2029316581
0.0
0.0
0.257239057239
0.0
0.0
0.0
0.185513078471
0.298719772404
0.0
0.666666666667
0.228571428571
0.185830429733
0.0
0.0666666666667
0.109929078014
0.333333333333
0.111111111111
1.0
0.37684729064
0.0
0.0
0.187687687688
0.345454545455
0.0
0.223188405797
0.142857142857
0.0
0.0
0.666666666667
0.121212121212
0.0
0.0
0.0
1.0
0.0
0.0
0.4
0.0
0.0
0.245014245014
0.211728395062
0.166666666667
0.0
1.0
0.216848383189
0.170542635659
0.0
0.0
0.0
0.0
0.15719406042
0.0454545454545
0.291666666667
0.103324348607
0.28
0.266666666667
0.0
0.166666666667
0.0
0.0
0.0
0.0
0.186306306306
0.0
0.194444444444
0.182783882784
0.0
0.128205128205
0.0
0.666666666667
0.0
0.0
0.167341430499
0.12
0.257575757576
0.0
0.13961038961
0.198529411765
0.0
0.0
0.428571428571
0.0
0.0
0.0
0.0
0.0
0.0963636363636
0.0
0.127272727273
0.188278388278
0.280423280423
0.206827309237
0.210526315789
0.319088319088
0.126849894292
0.285714285714
0.0
0.0
0.0
0.0
0.0
0.284748751102
0.218181818182
0.148550724638
0.0
0.137096774194
0.314285714286
0.0
0.153725490196
0.168831168831
0.166666666667
0.239766081871
0.0
0.173687119956
0.269005847953
0.3
0.296774193548
0.149079365079
0.105911330049
0.116832976954
0.047619047619
0.168560606061
0.0
0.0
0.348484848485
0.0
0.0
1.0
0.201241134752
0.0
0.666666666667
0.321428571429
1.0
0.190476190476
0.19242979243
0.0816326530612
0.0
0.190223074242
0.225252525253
0.0
0.333333333333
0.29439124487
0.0
1.0
0.166666666667
0.222222222222
0.0666666666667
0.152203065134
0.25946969697
0.129672006102
0.0
0.276729559748
0.0
0.0
0.0
0.212765957447
0.533333333333
0.0
0.0
0.244705882353
0.047619047619
0.333333333333
0.0
0.294117647059
0.119732704403
1.0
0.129200896191
0.154412449911
0.123511904762
0.355555555556
0.0
0.173758865248
0.339784946237
0.155080213904
0.0
0.0
0.333333333333
0.168091168091
0.0
0.0888888888889
0.0
0.186666666667
0.0
0.190476190476
0.0
0.192307692308
0.0
0.0
0.204016913319
0.0
0.0
0.0
0.0
0.354022988506
0.454545454545
0.126545110111
0.0
0.153846153846
0.0
0.0
0.266666666667
0.138888888889
0.111439842209
0.0
0.0
0.0
0.224175824176
0.177777777778
0.142857142857
0.0210526315789
0.0
0.6
0.118954071264
0.270935960591
0.320731707317
0.173170258202
0.0
0.247058823529
0.6
0.123517049692
0.154704944179
0.0444444444444
0.2
0.339015151515
0.0
0.0467944753659
0.169570267131
0.0
0.103603603604
0.118153364632
0.0833333333333
0.0
0.107142857143
0.0
0.0
0.0
0.5
0.180486180486
0.0
0.0
0.161344537815
0.0
0.218181818182
0.0
0.0
0.168686868687
0.0
0.0
0.181569535031
0.143790849673
0.0904325032765
0.0810996563574
0.0
0.0
0.0
0.0
0.0
0.0
0.0
0.0
0.0
0.0
0.0
0.31339031339
0.0
0.0
0.0
0.266666666667
0.166969147005
0.0
0.0969899665552
0.0
0.0
0.0
0.157232704403
0.176470588235
0.0
0.239344262295
0.0
0.0780780780781
0.0748069498069
0.0
0.0
0.150682232402
0.428571428571
0.214285714286
0.231578947368
0.277777777778
0.221538461538
0.217180883243
0.0
0.185050798258
0.205490196078
0.0
1.0
0.666666666667
0.0
0.0
0.0
0.178571428571
0.0769230769231
0.251082251082
0.0
0.199159663866
0.216216216216
0.151554034788
0.0
0.126612517917
0.0
0.0
0.0
0.215584415584
0.226998491704
0.11340973841
0.266666666667
0.267973856209
0.2
0.308333333333
0.0661570661571
0.219047619048
0.221014492754
0.11867434973
0.0
0.263157894737
0.12183908046
0.0
0.120879120879
0.0
0.0
0.0
0.0
0.133802816901
0.0
0.187878787879
0.333333333333
0.14262295082
0.0
0.0
0.126437376981
0.0
0.219600725953
0.211736237145
0.0
0.136785359625
0.0
0.0
0.222996515679
0.0
0.238095238095
0.0
0.0
0.231056744818
0.0666666666667
0.0
0.0
0.225
0.147286821705
0.1
0.0
0.19898989899
0.109090909091
0.164415463437
0.533333333333
0.0
0.211428571429
0.333333333333
0.0
0.172671210646
0.0
0.0
0.0
0.141558441558
0.0
0.333333333333
0.0
0.0
0.0
0.333333333333
0.0
0.0
0.240943267259
0.235016835017
0.225974025974
0.0
0.0
0.0789439209956
0.0
0.158757062147
0.0
0.0
0.24358974359
0.257928118393
0.095795508839
0.0
0.222222222222
0.0
0.0
0.0
0.0
0.0
0.0
0.0
0.0
0.0
0.220720720721
0.25
0.0836955471844
0.0
0.138786012241
0.209604519774
0.0
0.0
0.0
0.13264614789
0.167797376753
0.235699693565
0.301564722617
0.0989678135405
0.162881562882
0.0
0.0
0.0
0.214285714286
0.0
0.133333333333
0.0
0.333333333333
0.216666666667
0.223076923077
0.0
0.119318181818
0.0
0.380116959064
0.111827956989
0.0
0.252747252747
0.0
0.0
0.106918238994
0.0
0.0
0.142857142857
0.0
0.207681365576
0.0968660968661
0.0
0.244444444444
0.0
0.0
0.0
0.11884487227
0.0
0.0
0.0
0.333333333333
0.205128205128
0.0
0.166666666667
0.193153153153
0.0
0.333333333333
0.0
0.0
0.0
0.137931034483
0.0683090705487
0.0651174668029
0.0
0.0
0.0
0.333333333333
0.0
0.0
0.333333333333
0.2
0.138927738928
0.0
0.166666666667
0.148351648352
0.112206047032
0.157953358858
0.0
0.0
0.0
0.0
1.0
0.151515151515
0.209359605911
0.218623481781
0.0
0.0
0.200932400932
0.266666666667
0.0789473684211
0.216292134831
0.175949367089
0.0
0.279857397504
0.327635327635
0.0
0.111111111111
0.0666666666667
0.0
0.0
0.224318658281
0.0
0.0
0.0
0.0
0.0
0.0
0.0
0.0
0.0
0.0
0.0
0.0
0.0
0.110516934046
0.0
0.1
0.428571428571
0.0
0.275
0.11231884058
0.144855144855
0.315315315315
0.23199023199
0.0
0.0
0.263157894737
0.333333333333
0.285714285714
0.0
0.227465214761
0.203193033382
0.0
0.0
