4
1
4
1
36
6
1
1
10
1
1
1
2
1
72
1
1
1
14
192
19
29
56
7
2
1
48
6
4
9
1
1
218
110
3
1
618
83
1
71
205
50
6
1
13
24
8
2
72
18
5
40
103
2
1
1
1
1
1
1
1
1
2
10
1
14
3
4
2
9
2
31
16
1
17
1
29
1
31
14
38
8
15
1
1
1
7
1
2
1
1
1
4
3
1
34
1
13
1
1
2
1
1
1
116
2
1
98
2
1
5
195
1
1
118
5
3
105
1
7
36
1
5
34
13
1
24
42
19
6
7
3
1
14
36
1
1
15
2
1
1
4
3
69
1
1
1
51
96
4
1
4
2
13
3
10
12
8
1
2
2
15
5
1
1
17
96
19
39
20
1
334
123
115
1
1
1
1
1
55
3
1
31
5
1
1
3
3
4
99
1
2
1
1
6
2
4
1
7
8
4
1
1
63
6
1
31
29
130
47
1
1
2
27
97
2
4
1
65
3
43
276
149
5
118
11
8
52
740
66
1
2
1
15
22
36
3
14
5
17
3
3
125
3
3
15
72
2
82
1
17
126
8
38
1
22
8
10
32
25
104
2
4
6
75
42
82
1
3
2
1
4
1
1
1
205
86
140
54
1
1
1
3
5
33
26
193
6
2
78
1
11
8
1
52
53
1
1
40
84
37
517
8
22
1
32
19
5
4
66
49
17
133
1
4
68
4
3
87
2
2
3
1
18
2
2
3
1
1
2
15
57
24
1
29
30
1
1
61
10
3
1
1
3
2
1
122
1
1
49
1
2
1
28
107
52
19
67
81
76
44
4
1
7
3
2
1
1
1
1
2
1
3
1
3
3
1
1
115
1
52
1
1
36
25
1
3
23
64
36
1
1
76
4
101
2
1
49
21
3
5
247
8
1
2
3
2
2
1
63
3
3
302
3
2
29
67
157
157
1
1
124
98
69
57
1
6
1
112
2
55
2
2
62
256
125
257
4
145
3
1
60
105
1
35
7
2
1
7
2
274
2
58
4
1
8
1
1
1
8
1
67
3
11
1
1
1
1
35
1
1
10
26
1
4
2
1
1
19
4
3
1
1
2
55
41
49
50
44
1
1
1
2
1
1
1
265
3
399
68
57
4
1
1
6
36
18
28
2
24
114
24
65
12
2
4
19
37
1
3
16
3
14
6
74
44
10
2
51
1
2
1
46
129
4
6
2
3
7
399
57
34
1
150
115
3
1
2
7
47
1
12
1
4
46
2
8
20
1
52
15
1
1
1
2
2
1
28
9
1
3
1
1
5
3
11
30
11
30
1
1
23
1
204
2
2
22
2
10
1
7
1
1
4
85
14
1
29
6
2
410
14
318
54
156
16
96
2
12
4
1
28
2
21
2
1
67
26
1
75
164
18
52
216
1
80
1
84
1
4
11
34
3
2
1
1
1
2
54
3
37
1
3
1
3
12
48
17
15
1
62
10
42
154
1
2
1
87
60
1
1
1
14
77
14
1
2
12
1
1
4
147
3
95
31
7
68
1
77
1
100
1
1
1
13
1
13
104
42
3
30
1
190
5
3
10
1
5
2
148
1
1
33
59
4
114
74
2
1
1
1
1
1
11
35
1
20
3
2
2
34
29
42
13
28
9
116
57
4
1
1
1
2
1
88
33
1
45
3
29
1
175
100
1
1
1
2
2
18
3
1
18
9
9
3
1
9
13
47
124
150
362
212
1
74
2
16
12
1
77
2
82
4
10
63
7
14
10
9
1
1
1
41
11
17
1
1
30
8
1
40
7
7
1
4
27
2
33
9
1
53
12
2
1
5
1
1
4
3
9
1
1
1
22
1
1
1
2
2
248
1
1
40
51
110
1
1
1
1
45
62
1
1
1
47
32
1
3
116
63
5
1
1
10
5
1
1
1
14
40
2
20
1
23
1
34
5
2
84
31
22
20
12
154
70
73
88
74
17
1
1
5
11
1
13
2
21
43
1
66
62
3
1
74
1
1
66
50
85
2
27
30
21
4
6
1
10
12
11
121
1
112
1
9
1
1
5
1
99
2
27
98
414
166
221
116
107
266
58
314
1
1
52
1
1
1
88
1
1
3
42
2
4
1
21
1
356
20
87
1
3
1
1
4
1
2
14
3
6
2
1
1
3
13
1
12
5
1
1
2
27
4
1
13
1
53
2
1
2
2
2
6
1
52
1
1
5
15
4
1
3
4
141
81
42
4
2
7
26
1
142
257
89
10
169
144
21
60
1
11
20
46
6
144
86
129
1
10
4
1
139
12
59
314
2
2
21
7
2
40
17
26
1
14
1
13
1
5
2
4
73
1
1
2
9
1
41
2
70
2
4
6
24
53
1
6
24
1
38
120
2
36
110
11
22
147
41
1
1
15
44
10
15
4
2
61
1
42
210
2
89
2
1
1
9
16
1
17
114
2
1
32
7
52
26
60
11
24
1
1
26
48
1
2
1
8
43
59
3
18
27
5
29
1
1
96
1
1
212
3
94
227
346
268
173
3
77
14
103
1
1
22
6
46
4
2
67
48
2
1
1
181
249
2
2
35
5
46
65
4
39
62
1
24
2
1
1
21
4
1
164
7
1
49
3
1
1
1
1
159
1
175
35
122
1
2
1
55
1
47
1
99
6
28
1
1
1
39
138
1
1
1
71
1
4
1
2
24
17
15
101
15
2
71
13
1
15
6
1
14
7
1
1
6
12
10
1
2
10
1
126
2
13
2
305
8
67
69
11
6
26
22
1
1
1
2
3
238
1
1
2
1
4
46
31
60
93
1
1
8
2
1
1
1
6
45
1
6
1
2
3
6
1
111
1
1
1
130
3
2
15
4
27
1
5
1
1
180
12
1
26
2
1
32
60
1
1
23
5
1
12
1
52
12
88
1
1
2
18
1
57
1
9
1
1
4
22
1
4
2
84
42
1
9
25
34
3
64
45
71
80
3
1
2
3
141
2
11
3
2
1
1
1
26
38
7
3
1
22
5
55
1
1
5
1
39
117
1
2
39
1
27
2
1
2
1
1
1
58
1
21
1
1
13
123
1
12
43
3
1
1
2
219
1
1
9
15
2
1
1
70
34
3
3
46
2
1
1
2
9
1
15
75
1
3
1
51
138
22
1
38
1
1
1
2
105
8
1
1
1
1
1
4
1
89
92
58
1
98
16
46
75
1
4
4
1
2
55
1
2
1
1
5
4
4
4
17
1
1
1
98
1
15
1
15
1
1
1
1
2
1
57
1
1
3
27
1
3
13
4
2
1
1
4
1
9
4
5
732
1
1
1
1
2
29
1
2
1
5
1
1
1
2
2
4
1
7
10
4
28
2
1
2
15
18
71
50
6
14
275
3
2
24
1
1
1
4
22
4
64
34
1
1
12
1
1
1
2
2
16
26
1
1
1
4
1
1
4
1
3
189
12
30
43
3
2
13
19
5
10
1
2
141
63
2
48
19
59
41
1
1
24
70
85
1
1
5
1
4
1
1
17
5
2
53
9
1
51
5
16
56
55
211
70
1
1
52
2
1
3
255
1
104
1
2
1
1
1
23
5
1
91
5
1
119
1
1
144
1
1
8
11
46
8
29
3
72
7
1
4
2
3
3
21
87
3
2
1
1
37
139
9
2
59
29
2
1
1
6
1
3
1
4
1
7
12
2
3
11
2
1
110
1
2
1
1
27
67
1
139
118
332
31
6
22
103
109
20
3
1
1
63
1
22
3
1
1
48
5
3
4
30
49
138
66
1
1
30
70
1
1
1
2
123
2
34
1
3
1
7
80
2
1
1
54
1
52
5
27
1
10
57
1
1
177
41
9
1
1
1
3
1
1
1
22
1
7
1
23
73
1
8
33
1
2
6
40
1
3
6
78
1
1
7
2
1
57
2
7
1
48
158
10
1
1
5
6
3
194
37
53
1
1
117
1
1
1
6
1
1
1
1
1
24
2
1
62
2
40
1
1
2
1
1
1
1
4
17
1
1
1
14
2
152
7
211
89
119
126
93
1
2
128
41
18
43
41
6
1
5
5
1
4
5
42
1
6
3
3
9
1
121
1
1
22
2
2
23
63
175
57
9
42
42
123
19
84
1
3
28
1
1
2
5
9
10
2
100
3
26
243
1
1
3
1
14
34
66
1
1
36
17
47
10
1
1
1
1
39
41
4
19
1
26
2
1
79
1
83
1
1
76
2
3
2
5
1
3
1
1
10
1
1
1
138
45
20
42
1
3
28
37
1
1
1
1
9
1
1
3
60
1
1
1
11
1
1
48
26
119
1
47
31
4
1
4
40
14
14
3
298
78
69
73
245
2
90
79
56
3
15
1
1
1
1
1
6
1
3
11
2
1
3
72
8
3
7
99
2
1
1
1
2
7
1
1
1
1
10
1
2
42
3
69
2
113
6
28
21
1
87
157
61
1
1
3
43
4
13
1
2
58
12
1
67
40
1
1
1
2
10
3
1
6
11
1
1
2
2
2
3
1
9
22
11
1
1
2
1
1
4
2
2
2
1
1
1
81
100
177
64
1
87
4
41
8
3
1
1
1
1
406
1
1
32
1
13
6
67
1
1
1
2
1
12
1
1
1
1
11
3
124
11
14
1
42
102
1
2
28
6
18
2
9
70
1
1
52
1
17
2
7
12
1
14
73
5
4
1
1
7
2
10
11
1
1
1
1
1
33
1
1
54
13
1
1
1
1
186
8
56
144
153
1
12
18
1
47
20
10
49
2
1
56
1
3
3
1
22
3
6
4
11
34
1
1
34
146
11
1
15
3
1
1
76
15
1
52
126
1
1
2
4
53
2
1
10
2
1
93
18
11
1
1
36
3
210
21
1
30
14
3
27
1
1
1
1
7
1
18
1
70
10
55
28
1
105
1
9
3
4
51
1
60
1
1
6
6
40
23
1
7
6
61
56
1
20
1
80
1
75
1
1
6
18
202
12
5
21
1
7
20
4
26
6
4
10
1
13
47
1
10
44
1
4
2
4
64
1
1
1
1
217
7
1
6
15
3
3
87
23
1
132
1
46
57
226
1
88
128
1
41
1
2
66
4
4
7
23
18
16
7
144
29
5
39
3
1
1
3
1
39
6
1
1
2
2
1
1
2
3
52
98
1
44
148
16
19
59
7
81
31
1
1
1
5
27
1
2
1
25
1
11
21
1
6
25
173
21
1
2
20
1
254
3
4
10
20
20
1
1
12
1
1
1
45
87
16
18
1
11
71
101
164
41
7
1
42
14
21
1
1
1
2
58
15
79
7
3
13
8
31
3
1
51
4
1
1
1
3
2
89
9
1
1
1
126
49
40
12
1
27
387
75
1
67
11
42
39
68
5
3
3
2
1
181
3
10
1
1
3
3
1
2
2
43
1
40
2
46
1
10
10
97
22
48
12
1
24
1
4
51
16
1
104
3
1
13
1
3
2
1
1
5
23
4
7
54
1
1
17
30
57
6
14
83
86
64
75
1
5
1
55
1
6
11
3
228
1
15
1
1
2
24
3
1
3
3
57
1
1
16
1
1
1
1
40
1
2
1
3
26
1
2
4
1
2
2
1
1
54
1
1
1
2
124
12
29
1
1
1
1
1
1
8
1
1
69
1
1
1
4
2
1
384
2
44
64
61
1
1
114
1
33
29
1
2
16
17
3
1
1
361
34
1
144
13
55
8
2
4
38
8
1
1
1
1
9
1
1
44
1
3
54
3
1
4
51
1
163
1
5
5
1
1
1
63
1
3
1
7
1
19
4
2
1
5
1
21
12
18
16
275
72
1
1
61
26
1
22
107
58
66
1
4
9
12
1
1
1
3
2
70
1
4
4
6
8
25
1
7
93
19
1
4
49
62
2
6
2
76
2
1
5
12
1
37
13
130
6
2
2
1
1
2
52
2
1
9
2
1
5
14
1
45
1
1
12
3
103
51
1
18
1
1
54
3
3
1
10
64
1
2
5
25
76
7
1
146
84
1
3
1
1
12
28
2
1
1
1
1
1
1
1
2
59
1
1
1
37
38
112
15
11
2
28
18
97
89
1
26
10
30
1
1
11
179
1
46
1
6
1
3
6
4
1
2
1
372
7
5
5
4
83
8
3
3
4
143
3
2
186
5
45
1
1
1
21
1
3
13
91
1
20
1
2
1
2
5
7
1
131
2
6
18
6
15
1
7
6
139
24
92
214
11
45
1
108
29
1
2
193
7
2
3
9
33
5
1
1
1
13
1
49
10
4
78
31
9
214
113
27
8
3
4
8
7
115
16
60
126
224
89
1
1
1
172
84
75
96
2
3
1
3
22
21
1
56
3
25
1
1
1
59
1
9
11
50
75
2
19
4
5
49
2
1
2
1
1
1
1
1
1
19
53
2
103
39
194
2
2
1
54
10
3
49
1
39
1
1
1
1
1
5
1
3
71
2
9
25
1
2
3
66
2
2
162
1
1
1
69
1
3
57
77
1
1
30
20
1
1
13
5
62
2
159
1
2
1
1
35
23
98
4
11
1
3
3
1
1
1
1
1
1
1
14
1
1
1
1
1
2
1
1
7
2
15
4
124
5
3
35
11
2
70
2
38
1
1
73
1
309
120
22
80
773
104
65
100
60
5
2
24
1
106
1
1
1
1
1
125
48
1
1
1
251
6
2
20
1
70
4
83
1
66
1
3
3
9
124
11
49
13
4
1
1
1
1
4
96
9
19
41
11
71
2
2
4
47
1
31
1
95
1
2
7
4
11
35
9
1
3
1
2
2
61
1
1
1
1
10
21
4
18
7
38
41
1
3
49
1
1
1
1
1
25
2
2
1
22
1
112
12
119
1
6
1
1
3
1
1
36
15
1
3
2
2
1
1
130
1
1
1
1
72
1
3
12
1
57
1
2
48
1
1
1
2
1
1
1
1
1
2
76
123
15
18
90
29
2
1
38
44
26
14
1
1
14
2
6
1
1
2
9
1
1
33
52
10
6
50
1
1
1
178
1
1
1
8
3
73
60
8
83
3
10
77
5
17
40
71
37
49
1
5
134
1
57
1
3
1
1
1
1
1
71
94
9
3
1
1
194
1
1
33
42
14
3
2
1
3
1
1
1
6
1
133
2
1
1
1
1
1
12
365
239
17
399
14
197
1
109
291
31
1
2
3
60
77
8
162
3
16
4
1
38
2
1
160
250
42
73
20
31
40
2
45
212
1
86
15
8
27
4
140
51
1
4
18
129
44
110
139
20
4
1
12
16
11
2
18
24
1
1
17
6
3
1
1
1
59
1
15
1
1
9
1
1
47
2
138
3
1
10
10
18
1
6
3
66
1
5
52
48
19
9
50
189
3
5
1
93
4
79
3
12
3
2
1
32
8
1
1
1
61
34
46
63
1
15
39
1
8
1
14
1
4
2
1
21
13
2
1
2
3
96
2
7
1
58
5
66
1
4
16
91
12
8
9
213
1
3
29
25
150
80
4
1
2
1
1
1
4
1
2
1
43
10
7
4
64
1
8
1
12
21
1
1
2
1
2
1
4
42
2
101
11
1
49
1
1
1
2
51
11
8
7
12
1
2
1
28
1
101
1
1
1
18
28
1
3
2
22
31
6
1
13
31
1
30
3
3
3
3
1
2
10
1
1
292
45
75
6
1
37
77
2
7
37
2
11
1
8
1
1
5
3
1
1
4
1
1
13
1
16
1
154
40
7
1
1
1
1
16
1
109
47
54
2
24
1
3
6
94
7
1
3
10
8
9
66
13
41
1
6
2
32
4
24
311
25
1
1
5
1
108
58
688
212
44
1
39
22
29
1
40
1
13
96
188
1
114
6
22
9
52
1
1
1
1
5
1
1
30
1
1
20
1
1
13
23
1
1
2
1
1
11
1
3
4
44
1
3
2
13
1
4
1
3
2
3
3
2
1
11
1
1
1
1
1
8
1
92
20
1
1
16
27
3
34
11
17
12
1
2
2
17
2
7
205
8
3
2
1
1
2
1
51
6
5
1
1
12
190
5
68
5
16
9
4
30
24
3
1
1
1
1
6
3
21
12
1
1
4
6
2
3
1
30
3
60
2
1
17
10
1
6
12
3
26
1
6
2
26
5
12
30
1
9
1
5
51
50
89
1
143
1
31
35
73
70
6
109
10
4
21
1
1
47
5
57
17
85
105
23
1
1
1
1
1
3
41
1
79
16
2
41
11
2
57
2
18
1
3
1
20
114
14
8
66
44
1
149
1
66
13
8
48
3
4
11
23
8
5
86
2
15
1
1
14
1
1
141
8
1
1
1
1
1
6
64
1
16
71
28
39
29
13
72
1
1
74
15
118
126
7
18
229
19
44
26
4
48
14
47
14
1
3
25
2
1
238
176
31
2
8
1
1
1
1
1
1
1
3
11
1
4
1
1
3
1
6
4
3
7
53
31
1
3
1
1
51
1
12
1
20
6
1
1
1
2
58
2
1
45
1
3
11
1
10
1
3
4
1
1
1
1
34
6
117
6
114
1
7
1
1
1
1
1
1
101
11
2
1
68
121
6
1
12
271
5
4
3
1
1
4
3
1
6
1
78
1
33
3
8
2
93
12
1
32
4
23
11
64
2
2
3
1
2
1
27
1
1
16
16
2
1
3
3
1
1
7
1
10
1
1
3
1
17
18
75
13
55
1
4
1
87
1
4
36
23
6
2
1
15
119
6
3
61
9
1
6
6
1
194
1
8
21
34
24
1
60
20
81
116
6
12
29
1
13
8
7
74
50
216
111
97
7
1
28
2
8
3
1
1
16
43
1
6
30
72
1
3
1
5
1
2
22
52
1
5
1
2
48
31
44
1
29
19
12
10
11
126
97
109
1
190
2
30
26
3
6
1
2
9
12
8
3
1
1
1
1
36
106
1
139
1
1
1
3
8
4
152
258
28
62
361
1
65
38
61
2
89
1
3
55
5
32
7
16
20
3
1
1
2
1
1
23
46
13
1
3
16
5
134
112
29
135
85
2
227
5
84
133
1
4
1
52
1
1
1
7
1
4
3
1
72
29
18
25
94
50
1
19
1
61
3
134
1
13
80
244
13
1
1
2
70
1
21
8
1
1
1
6
113
9
12
1
7
7
35
1
12
10
1
101
5
74
1
8
55
1
36
246
2
32
268
1
33
24
26
99
1
2
1
1
1
14
1
204
15
291
34
10
63
4
79
1
1
1
157
1
2
3
97
87
46
5
28
1
10
1
1
9
6
8
4
3
2
5
5
1
5
1
4
4
1
1
743
99
49
65
2
32
45
15
57
1
3
7
1
1
1
1
2
13
2
1
1
1
57
11
19
1
2
1
1
3
1
43
72
2
1
1
2
4
2
1
21
1
31
6
12
142
1
1
10
6
53
21
2
87
10
39
38
1
9
3
1
108
1
1
2
7
2
1
1
1
5
1
1
1
1
23
2
59
3
1
1
5
10
1
7
1
1
1
1
118
70
49
9
40
10
10
6
191
1
1
6
1
20
65
37
2
1
12
1
8
2
244
1
2
12
2
8
9
1
113
378
1
1
1
1
1
1
12
41
1
10
17
69
533
37
67
4
4
3
1
1
1
3
5
5
1
3
1
1
1
1
1
1
1
2
1
1
1
1
1
1
1
2
28
1
3
15
61
1
1
1
2
1
1
78
2
3
7
19
1
51
1
5
93
1
26
1
2
55
2
1
1
64
69
1
51
118
1
11
27
6
31
5
1
8
1
4
119
29
1
85
22
1
204
11
26
1
1
1
146
179
1
79
48
1
1
1
1
1
1
1
1
1
1
1
55
4
17
10
1
1
17
8
48
79
54
111
65
29
8
1
50
1
12
79
168
1
148
9
1
2
114
25
70
1
2
1
67
1
3
2
2
1
41
13
1
21
8
2
61
1
5
26
1
1
1
1
2
58
6
18
9
1
8
1
13
11
4
8
50
1
36
1
6
7
64
1
5
7
2
2
6
6
51
1
12
28
5
403
1
1
114
63
1
1
5
1
50
85
7
17
2
5
34
6
1
2
2
1
1
172
37
1
147
34
7
64
70
12
1
5
1
3
2
1
1
4
1
2
1
97
5
14
116
36
2
6
5
12
18
39
163
2
57
1
64
12
5
1
73
2
2
1
1
31
9
1
2
2
2
2
32
1
4
114
1
1
21
6
2
50
1
1
5
178
156
109
51
2
13
3
4
17
1
15
42
41
7
309
90
64
102
187
76
2
92
230
179
5
11
3
1
3
3
16
7
1
73
1
15
5
1
96
6
4
1
1
1
1
1
5
144
1
9
7
1
3
8
154
5
39
1
2
2
1
1
1
200
3
1
56
1
1
111
27
54
3
37
4
4
1
10
11
22
314
3
37
8
37
17
2
1
156
17
1
1
72
1
7
1
12
1
2
2
1
1
21
1
47
1
158
1
1
103
80
48
1
52
1
9
33
1
3
217
1
7
58
1
1
1
2
66
233
2
1
2
54
11
57
70
3
124
86
1
2
1
1
1
2
46
30
26
35
1
12
1
1
2
61
3
8
1
18
1
10
1
11
3
1
1
23
80
2
33
1
4
16
117
4
22
1
248
223
11
1
1
1
50
5
4
2
231
2
2
1065
50
5
32
8
26
110
234
321
4
61
6
221
18
7
1
1
2
14
128
1
4
1
32
67
81
16
3
41
38
2
86
1
2
1
3
2
123
37
2
87
6
28
24
2
1
42
3
1
3
79
4
39
12
1
1
16
7
47
88
1
47
1
18
81
8
2
1
2
18
1
27
89
1
24
103
28
89
1
39
29
70
93
1
2
1
1
1
1
5
87
1
1
2
5
62
44
6
10
3
1
1
1
13
107
172
1
22
14
36
3
115
7
263
5
14
2
5
7
1
1
1
40
2
3
100
2
2
7
10
1
1
7
1
2
12
144
1
1
1
2
1
2
9
7
1
3
13
1
1
2
1
1
63
1
99
81
12
30
1
1
10
1
2
3
3
3
3
3
27
1
5
2
2
8
4
5
2
4
1
58
8
1
9
1
5
3
62
1
1
8
44
1
2
1
9
59
1
133
40
1
16
26
26
53
1
2
47
63
27
2
18
56
17
15
28
20
253
1
23
1
5
1
73
1
30
4
10
1
33
77
86
87
111
115
72
3
45
1
1
2
3
23
16
1
126
68
1
12
11
4
181
131
1
48
32
182
23
3
47
1
24
1
1
4
1
81
2
2
60
8
163
69
5
25
12
48
1
136
1
2
5
6
72
4
54
59
2
3
2
2
87
2
1
30
1
3
1
2
47
1
29
45
1
1
1
8
38
1
23
3
19
3
34
26
30
12
22
18
5
50
1
61
7
50
112
77
4
60
75
33
1
1
3
4
3
63
1
40
1
71
2
1
112
37
1
3
89
1
70
1
4
2
1
10
1
263
3
1
4
69
1
3
205
5
58
2
1
10
61
2
3
4
1
67
66
2
6
1
2
93
2
1
2
43
1
7
65
12
8
29
70
13
6
24
1
1
2
4
7
33
7
2
67
1
1
52
4
179
38
3
46
7
202
53
14
1
1
1
3
122
1
159
1
4
10
112
14
181
3
2
1
2
1
1
11
44
4
30
1
49
18
4
281
15
8
50
80
3
5
38
1
224
11
1
18
5
1
1
3
18
10
1
1
1
98
187
12
117
186
1
3
4
2
5
22
2
5
28
1
31
85
54
10
1
4
1
1
2
1
1
77
3
1
2
20
10
2
78
9
103
1
2
2
4
2
2
32
1
1
15
1
20
4
191
7
18
6
1
1
26
3
2
130
67
7
1
40
1
1
1
35
38
207
103
75
1
149
26
6
21
2
6
1
47
6
1
35
232
1
6
79
1
17
6
6
1
1
2
195
3
2
1
1
43
36
1
1
1
1
118
1
1
2
12
76
1
46
4
1
1
30
8
15
27
1
3
19
41
193
3
79
4
12
9
1
1
1
1
1
126
1
2
1
1
1
1
2
3
1
1
495
1
6
62
6
106
21
36
59
146
44
8
89
4
11
30
1
2
5
1
5
1
1
2
10
24
22
9
125
3
1
29
16
60
56
16
3
1
72
1
1
1
101
3
1
16
5
7
1
1
37
1
2
1
1
1
1
1
119
1
1
46
1
2
1
1
1
1
6
1
28
3
1
1
21
2
4
1
41
43
9
1
10
1
1
1
6
14
48
1
105
1
4
1
1
1
14
20
82
274
55
4
5
33
50
1
12
1
69
2
1
17
10
1
4
467
147
9
1
63
1
6
1
1
1
108
2
1
1
42
1
2
1
1
7
8
1
52
2
3
48
1
72
46
2
1
14
6
4
43
1
4
2
1
8
19
1
10
91
224
1
1
1
3
1
1
2
3
1
21
4
10
167
31
1
80
18
1
87
410
1
82
1
6
1
3
5
2
1
64
55
1
477
1
1
104
3
3
2
2
26
116
1
48
46
1
2
1
3
25
3
7
1
1
3
142
1
2
67
1
65
1
2
1
1
16
59
3
171
58
3
2
13
2
43
36
16
14
2
81
2
1
2
15
2
226
1
1
1
28
230
2
1
17
1
1
2
1
1
1
20
5
27
2
1
7
3
2
44
1
46
33
1
2
1
18
1
1
20
31
100
79
12
1
2
33
57
51
1
6
9
1
1
2
1
2
44
2
11
1
10
1
1
12
1
24
1
72
1
1
52
1
4
1
18
107
1
1
15
1
1
2
1
31
208
31
55
1
37
118
87
98
2
5
12
1
1
1
44
1
1
1
2
1
1
2
3
61
94
38
120
30
13
168
3
43
39
1
5
45
5
1
35
24
10
25
26
22
1
1
10
29
7
16
118
6
28
61
191
368
155
115
4
2
40
50
46
2
67
60
8
126
1
1
298
58
2
44
1
6
5
1
1
2
2
1
1
81
2
63
2
69
1
2
1
55
1
43
1
2
9
6
73
17
1
1
1
6
3
1
43
1
19
269
1
34
2
2
192
1
75
1
16
20
4
73
2
159
2
14
3
62
37
110
4
15
24
1
222
3
132
1
1
2
16
1
75
1
1
57
28
48
10
1
39
56
12
1
58
199
38
55
2
1
51
41
21
7
1
1
5
1
1
1
1
75
20
123
6
73
1
6
14
1
66
3
42
10
67
11
10
14
4
1
1
47
12
58
8
1
1
67
7
2
1
1
435
24
11
1
1
64
81
1
67
88
2
7
8
190
1
13
3
1
61
1
1
1
6
28
23
3
100
4
31
94
1
38
1
147
28
4
3
136
1
41
1
1
64
6
10
10
4
56
3
57
2
47
36
1
2
11
1
6
1
1
7
1
1
1
10
55
8
3
12
15
5
1
2
1
1
2
1
2
2
1
7
44
1
1
1
3
1
44
8
31
157
5
12
18
1
1
93
52
1
55
1
2
3
7
10
39
1
1
1
1
143
9
1
1
1
5
1
1
2
6
39
59
23
11
3
1
1
1
2
1
1
2
2
1
2
1
7
90
79
11
260
83
264
3
1
2
2
87
44
1
23
45
8
1
2
1
1
203
1
121
14
5
1
1
45
7
1
2
2
36
1
95
18
1
9
1
56
1
21
167
1
70
15
3
2
2
47
1
9
20
17
1
10
2
44
17
275
71
161
32
1
1
2
4
10
4
17
1
114
150
66
2
65
1
31
33
1
1
2
113
29
17
8
1
11
1
1
1
1
1
1
9
5
5
2
9
2
1
1
3
1
19
1
1
9
28
43
1
16
84
1
5
2
4
1
86
1
1
19
2
71
16
17
104
60
24
1
14
11
14
3
3
2
3
2
33
1
1
6
4
1
1
1
1
2
1
32
5
28
107
1
14
1
14
7
7
92
45
1
2
1
4
1
1
4
1
1
2
1
50
1
1
3
4
5
14
1
8
1
25
64
1
1
77
2
3
1
163
8
1
65
2
1
13
66
1
10
1
1
6
2
1
58
37
2
20
1
7
2
60
39
2
94
1
22
1
2
1
84
8
12
22
1
61
10
2
1
72
23
1
1
1
1
1
1
2
287
63
1
47
2
1
1
48
111
56
2
1
1
4
1
5
1
8
1
1
3
5
11
1
7
1
1
1
1
1
3
1
3
4
3
1
63
162
1
1
45
115
66
17
1
1
49
47
147
1
2
121
1
1
1
32
25
3
32
64
1
1
3
116
6
1
11
1
1
51
1
1
1
2
85
1
45
1
30
1
10
13
6
45
4
2
69
171
13
9
8
18
1
1
17
1
10
35
1
39
1
6
2
14
1
1
28
1
228
19
1
263
76
3
10
2
1
33
4
1
4
15
3
4
119
1
2
1
1
2
39
2
26
7
21
1
1
49
50
311
51
1
13
1
1
8
57
45
4
11
2
90
1
3
7
1
1
1
2
9
1
2
109
1
160
107
13
50
14
70
146
1
7
46
1
1
1
81
8
2
12
73
7
1
3
160
96
8
3
66
1
331
1
14
59
21
1
15
1
4
9
7
10
2
1
1
35
3
1
3
14
25
25
2
6
69
13
303
109
395
72
1
1
7
31
53
2
47
41
15
6
2
24
6
1
74
2
3
3
1
1
1
61
7
1
2
3
8
28
15
2
87
50
1
1
4
15
18
1
2
21
2
2
328
3
97
20
1
5
1
7
12
1
1
1
1
7
1
1
97
1
3
1
1
1
6
4
7
1
1
1
1
1
1
1
1
1
7
73
162
233
17
8
20
78
93
4
7
1
3
10
25
1
1
2
85
46
2
1
136
22
50
1
65
2
7
57
121
2
3
14
1
2
20
57
59
35
69
4
2
97
18
1
45
11
2
15
4
2
1
7
84
33
18
13
1
81
1
1
1
53
54
107
20
10
24
28
11
35
55
2
103
1
1
55
1
1
1
71
38
1
3
15
42
1
6
48
3
9
2
29
1
1
37
11
1
46
8
2
2
3
12
1
3
1
2
1
1
11
1
2
27
81
4
1
2
147
43
1
1
2
1
63
12
16
106
25
6
1
4
4
2
1
4
75
1
9
105
1
13
1
3
1
1
39
25
12
1
56
17
1
3
7
1
1
1
1
1
100
1
11
105
28
84
20
27
44
8
1
1
1
1
5
83
11
24
1
32
15
1
51
22
4
19
1
135
19
5
31
126
29
184
7
33
2
5
12
1
1
2
48
1
3
8
2
7
91
49
1
152
45
1
6
86
1
2
4
9
6
145
33
115
1
54
2
1
2
95
6
2
1
51
7
16
1
18
160
2
104
147
64
10
1
48
31
34
1
4
43
27
7
10
2
25
1
7
1
105
2
1
44
2
1
1
1
30
12
206
1
13
1
1
6
9
169
1
1
1
91
10
7
20
1
5
122
29
41
102
3
35
6
298
133
10
55
33
1
99
42
2
37
72
9
1
8
4
1
1
4
78
1
1
35
1
11
2
1
45
1
8
98
18
218
195
1
1
1
1
1
1
1
1
1
1
1
27
1
1
1
6
58
1
208
3
1
1
54
18
1
61
2
37
112
2
1
202
8
8
20
9
26
58
1
53
51
1
2
3
1
1
2
8
14
22
1
85
37
168
6
92
1
1
1
56
52
352
10
18
5
16
297
21
24
353
1
39
30
2
14
2
2
3
1
72
1
45
3
61
1
1
197
1
58
58
2
266
1
1
42
1
7
8
1
109
6
1
2
16
43
16
1
45
11
114
6
1
50
3
1
79
1
1
1
56
1
3
1
2
2
4
1
1
77
55
56
1
1
446
4
60
1
2
13
44
92
1
9
1
1
1
2
1
1
1
1
1
37
9
204
2
227
60
3
1
1
288
67
89
38
425
91
1
1
2
8
3
10
1
9
16
40
3
33
1
19
31
1
14
1
1
54
6
1
28
1
38
27
1
10
1
1
2
74
1
1
1
3
13
5
4
75
3
3
1
1
2
29
95
89
1
1
1
3
3
5
3
5
66
2
4
92
95
170
1
1
1
2
2
12
29
39
1
1
66
10
76
89
80
1
34
27
1
9
6
1
1
54
2
1
1
4
1
1
1
1
1
1
1
1
1
34
1
5
7
1
16
24
78
37
91
1
1
38
21
8
1
58
53
4
1
